
# nbCell
	100

# number of players
	0

# position of players

# number of obstacles
	9999

# position of obstacles
93	83
8	86
27	77
69	15
77	93
83	35
53	86
4	92
66	49
14	21
23	62
0	27
86	90
0	59
77	63
39	26
5	40
34	26
91	72
57	36
52	11
53	68
25	67
64	29
57	82
15	30
28	62
51	23
40	67
31	35
39	29
98	2
40	22
30	58
30	69
81	67
13	93
84	56
50	11
80	42
62	29
73	73
44	21
49	19
37	84
85	37
51	98
43	24
83	15
43	70
64	13
35	26
60	91
89	80
99	56
18	73
68	62
91	70
69	96
72	81
23	5
9	25
70	84
63	27
3	36
65	5
8	46
17	29
13	13
58	57
61	24
38	95
95	82
5	45
88	14
33	67
54	34
3	64
40	43
37	50
10	87
68	8
72	76
71	78
57	88
35	84
54	3
26	51
27	54
23	99
99	32
50	60
96	76
33	68
77	39
0	12
62	26
85	86
80	94
75	39
7	95
5	70
14	34
3	78
74	67
66	1
0	97
29	2
33	17
66	52
7	56
73	1
2	80
42	86
94	41
38	65
96	89
84	44
66	19
84	40
47	29
80	31
81	17
80	97
57	71
44	81
6	75
7	9
89	27
45	67
78	56
94	97
23	53
45	86
69	65
53	6
46	83
62	19
86	24
15	28
28	71
57	32
88	29
95	3
0	19
82	70
97	8
67	15
63	40
81	49
77	96
7	23
26	18
22	45
28	46
34	51
29	21
35	55
23	79
74	88
77	64
82	28
98	41
23	50
51	93
15	0
70	34
1	24
49	14
69	87
58	56
37	43
64	91
22	27
83	65
98	59
19	36
14	32
25	51
64	37
92	28
32	75
54	7
14	74
61	21
88	58
43	95
60	29
12	37
82	35
37	93
58	18
44	28
61	43
10	11
59	28
95	29
87	76
24	4
44	43
57	63
46	13
45	38
86	6
68	40
29	4
48	18
51	28
6	88
73	69
79	17
99	17
33	24
77	43
94	70
21	83
84	90
54	99
97	72
67	25
56	44
55	90
75	5
81	39
29	54
97	86
76	69
80	82
85	42
84	64
1	97
95	7
93	55
88	4
63	48
86	11
36	22
78	28
92	99
73	43
57	46
55	68
43	40
54	22
33	11
38	10
76	5
18	1
56	61
37	30
48	78
13	5
93	20
87	36
94	44
86	26
85	22
34	65
67	8
34	16
82	82
32	58
29	24
76	37
20	62
56	24
26	0
20	36
34	52
18	99
93	79
55	50
74	68
0	71
9	73
71	31
38	81
49	30
89	33
58	94
86	60
1	63
71	99
79	81
88	99
29	96
29	59
37	73
28	13
96	68
71	90
10	95
29	26
64	66
50	84
13	40
20	90
76	84
33	76
55	42
59	36
91	7
74	45
97	56
91	79
84	18
68	87
94	12
33	48
21	72
16	59
20	9
23	36
52	10
63	42
75	87
82	6
93	1
77	13
73	72
53	21
12	55
48	19
45	99
77	21
99	4
59	39
98	11
39	40
56	67
17	5
62	28
11	27
91	50
59	84
66	58
39	20
92	24
24	22
72	69
13	96
40	81
56	30
0	84
92	92
19	72
76	72
38	50
76	25
53	85
12	22
66	40
60	42
38	98
7	13
22	98
61	90
5	24
25	90
82	9
85	81
88	19
93	36
77	32
11	55
59	94
80	4
3	79
47	69
52	73
17	76
88	50
72	55
18	60
81	42
55	79
58	84
19	93
32	5
76	21
95	67
25	4
6	13
19	61
13	26
42	59
89	44
82	2
32	2
35	6
67	84
20	21
28	42
8	68
95	28
51	89
88	72
99	8
99	58
4	98
80	36
88	8
77	53
62	48
33	3
33	33
21	33
16	48
28	90
97	54
75	67
17	46
3	68
45	0
80	46
37	88
97	97
62	49
69	90
30	33
53	63
24	97
2	53
48	92
76	86
91	25
11	52
39	96
59	75
91	88
91	57
37	29
54	36
24	60
34	14
39	21
4	60
63	4
0	28
80	27
80	50
67	48
75	56
89	2
47	94
76	97
86	99
10	43
10	39
20	2
4	28
64	3
6	81
76	47
85	38
61	59
51	51
25	35
21	34
43	39
16	92
22	15
61	27
5	4
56	29
0	49
9	64
82	85
53	43
63	35
31	77
29	0
52	38
79	71
69	49
2	89
53	67
79	88
22	92
57	95
7	43
31	44
28	29
83	90
16	82
53	40
35	41
5	69
38	26
42	32
22	61
3	60
91	17
80	23
67	61
0	81
63	9
31	90
54	25
89	96
63	67
46	77
42	34
6	90
16	26
45	24
60	57
96	14
31	68
82	5
3	58
63	12
73	86
51	0
43	46
27	26
49	94
49	16
65	52
55	78
35	29
89	46
22	90
26	47
69	70
90	51
90	80
96	31
85	93
8	57
86	27
13	12
18	86
92	14
83	55
35	12
0	90
44	12
94	79
96	10
89	69
61	89
22	74
63	55
76	41
66	20
54	33
89	87
78	88
83	38
45	66
77	70
72	84
68	56
4	17
6	6
22	60
58	49
2	37
72	5
30	59
52	17
85	18
49	45
7	83
68	73
84	58
8	73
42	89
4	83
66	7
4	78
27	57
93	14
44	71
57	29
11	0
34	59
36	18
94	38
80	25
13	88
30	74
12	33
81	57
36	81
34	93
2	70
6	99
34	17
18	39
55	69
83	63
26	22
87	94
31	73
98	47
64	31
74	62
66	82
93	90
42	92
57	91
50	57
51	15
15	21
61	57
85	74
14	91
19	47
29	51
92	31
50	21
5	37
37	40
50	54
40	30
40	98
53	25
10	81
75	16
35	16
30	2
22	31
61	39
17	96
54	4
23	38
45	80
92	18
90	21
39	70
98	62
48	12
53	79
49	77
26	85
15	36
41	76
34	83
92	7
97	59
48	57
97	44
34	99
99	11
1	27
39	50
52	36
75	60
78	18
51	5
5	63
12	44
87	11
18	5
99	34
32	91
73	75
89	55
36	14
35	89
37	68
89	93
49	18
28	5
68	82
48	22
69	82
67	17
30	93
15	74
1	26
65	93
14	86
5	43
78	14
47	13
81	79
83	77
47	62
57	75
70	88
29	19
57	10
67	32
2	94
10	17
3	46
2	35
11	37
56	91
51	53
39	43
25	73
63	28
92	91
67	10
40	18
72	17
68	36
69	63
50	55
70	90
38	58
81	30
49	4
85	71
26	61
96	33
96	85
47	89
30	73
26	4
68	51
98	5
92	50
78	68
65	3
94	85
90	6
21	95
46	39
29	49
11	20
9	67
2	26
67	63
76	77
5	96
39	81
8	65
90	36
79	55
35	18
92	11
25	32
51	96
73	21
49	84
41	72
44	27
20	40
72	83
0	72
73	98
58	30
10	63
3	47
69	50
20	30
5	73
37	14
60	59
75	22
40	47
69	24
50	82
94	35
12	32
92	4
4	43
18	98
54	86
56	40
42	78
91	59
2	62
92	62
96	83
10	41
98	48
17	23
83	24
62	72
91	22
41	54
73	35
58	21
74	57
93	65
27	47
11	71
2	69
52	18
87	1
17	3
46	53
99	33
9	7
39	59
67	28
28	6
57	97
87	20
13	8
53	34
26	98
9	91
63	76
88	98
27	15
10	52
51	71
81	89
15	59
25	6
40	10
90	16
82	24
31	9
65	39
0	0
33	78
81	9
50	53
50	81
91	14
13	38
59	89
94	26
80	67
51	47
52	23
67	87
65	32
21	22
12	81
38	75
48	50
1	79
65	90
22	54
53	50
11	31
38	13
78	57
14	94
91	81
60	81
46	3
57	20
24	33
79	82
1	81
74	87
94	15
92	96
88	25
87	22
68	92
5	51
2	97
0	32
91	34
31	81
85	6
4	15
70	57
5	95
99	99
19	62
22	97
74	83
57	76
1	54
89	77
13	9
25	87
33	82
42	66
35	63
88	60
36	82
76	85
90	86
42	85
9	30
59	90
45	83
73	14
14	76
41	16
58	20
18	92
75	25
55	28
88	39
74	90
11	36
13	60
96	18
76	43
3	37
9	28
65	82
66	21
43	10
8	88
42	25
68	15
45	70
34	37
8	53
0	8
77	22
17	83
86	57
90	97
38	27
91	26
12	69
20	71
66	51
31	49
9	10
5	28
6	39
83	98
18	88
66	10
23	93
85	77
38	90
89	76
51	99
45	52
69	31
60	87
87	77
0	99
6	57
85	66
9	52
70	17
26	41
27	35
93	68
12	98
81	84
31	95
67	76
58	5
52	66
34	28
89	54
25	28
3	8
95	93
72	78
21	97
25	55
96	72
7	74
64	45
50	0
23	25
9	97
82	83
84	12
83	82
54	21
46	93
93	34
24	39
73	34
84	21
81	59
49	85
29	57
13	54
17	61
87	62
29	72
15	41
77	16
18	52
18	50
36	62
54	82
3	99
62	17
51	54
11	73
90	15
65	6
98	51
63	64
47	90
82	63
24	91
31	72
0	37
35	37
88	59
88	28
8	71
72	80
83	41
53	52
76	65
55	11
95	17
73	61
30	83
13	51
41	12
93	0
16	38
46	67
93	64
14	89
10	32
61	4
98	75
36	79
61	41
34	12
25	38
49	69
6	36
61	70
19	56
28	44
27	60
68	14
44	65
43	14
23	26
38	86
1	83
60	39
69	69
15	35
1	52
26	21
43	93
17	90
72	89
1	9
46	73
42	64
57	35
45	48
42	95
18	77
43	13
68	33
31	98
49	49
51	55
84	68
81	56
9	60
29	33
88	23
32	86
31	71
53	58
56	77
1	40
32	45
21	81
27	61
39	90
3	23
0	50
41	0
99	54
10	75
83	64
20	42
26	59
39	19
62	89
58	44
34	69
12	38
15	51
49	76
53	83
31	33
63	43
93	4
59	81
24	75
36	66
80	11
89	67
69	12
1	92
9	2
68	68
81	31
50	2
31	74
97	18
52	16
11	83
23	77
54	87
74	72
45	73
89	57
50	62
61	25
39	33
67	97
24	96
34	18
31	41
81	53
17	26
54	74
69	80
53	93
34	85
59	48
0	30
40	29
95	59
68	98
21	60
45	62
64	24
77	19
42	80
16	41
30	10
34	80
75	83
87	89
41	40
37	8
27	23
9	38
25	57
24	93
4	31
7	10
42	20
59	5
76	90
96	13
93	91
36	38
94	21
76	67
78	29
26	71
61	80
87	43
90	95
38	99
30	24
91	54
23	86
82	32
99	69
23	73
84	33
96	63
72	79
0	94
96	49
14	99
23	51
73	39
74	64
17	42
73	30
20	86
75	15
13	49
99	15
1	86
56	34
41	33
43	87
27	22
32	87
67	73
96	43
15	19
67	42
53	54
2	44
31	24
1	39
62	59
20	63
74	18
63	53
17	12
52	69
87	5
27	33
67	99
27	34
43	15
4	35
6	69
24	50
64	87
48	2
68	37
55	62
80	89
36	10
52	5
59	60
67	4
69	11
98	29
34	3
88	16
8	21
15	22
36	5
24	43
65	79
53	61
44	47
27	0
40	45
48	82
37	87
48	99
55	51
25	89
13	86
3	53
69	48
30	36
71	7
60	92
54	17
96	64
59	21
88	20
84	80
41	66
63	54
41	23
84	37
94	84
63	17
39	31
90	17
67	9
51	65
91	56
16	8
70	69
17	45
29	95
74	22
62	95
85	69
5	59
48	1
56	76
65	71
89	25
17	43
1	72
30	91
40	89
65	27
35	66
88	78
58	12
30	50
21	24
42	13
51	86
84	99
33	70
67	94
93	42
26	39
24	37
42	63
35	90
99	39
62	2
65	13
16	31
82	57
18	4
45	71
23	46
81	38
12	25
4	95
75	40
64	21
89	72
72	26
6	34
41	58
57	25
3	56
76	45
54	72
34	46
33	39
81	11
58	83
76	3
76	61
58	25
75	42
2	16
23	39
91	74
53	44
62	67
92	94
20	13
7	57
5	19
46	50
32	92
78	32
18	76
2	79
19	90
39	53
6	35
92	95
15	98
61	7
27	41
49	37
25	40
45	84
8	1
0	83
48	0
94	92
56	9
64	96
64	40
29	39
27	63
13	4
98	73
26	6
1	64
45	23
22	51
43	49
27	51
25	30
63	39
31	65
19	86
83	2
56	25
10	79
95	91
25	47
24	7
84	84
95	61
19	31
90	53
84	27
54	94
98	19
75	43
75	81
11	23
1	87
76	39
46	43
24	38
19	88
73	94
13	20
46	80
44	86
30	18
87	52
64	63
46	95
90	10
31	79
61	42
60	66
80	98
44	25
14	72
49	78
28	53
69	66
47	97
45	47
22	72
5	16
10	86
99	12
51	59
98	77
19	0
25	53
11	97
29	32
30	3
20	35
59	51
81	7
84	98
38	61
29	6
23	34
0	3
17	63
36	33
1	15
65	60
3	81
10	14
51	85
8	97
21	0
50	97
24	8
83	29
33	49
58	79
26	34
43	16
79	14
85	85
87	75
27	65
49	86
79	30
66	26
78	92
66	16
66	29
95	69
97	52
74	9
63	66
15	15
73	95
28	33
77	76
38	47
50	26
23	0
10	62
37	86
6	29
7	63
65	8
33	97
94	16
7	75
19	82
45	44
35	40
33	20
88	26
65	18
75	65
17	94
94	99
71	34
15	46
69	8
98	53
30	62
43	3
26	86
38	42
84	32
65	34
98	7
98	10
88	34
8	69
35	96
58	15
79	84
86	96
23	24
13	82
94	51
97	16
93	43
30	37
41	87
58	61
6	2
53	60
40	88
38	79
86	20
39	41
32	93
66	28
71	35
77	8
31	62
69	42
38	70
19	96
41	63
74	66
78	11
85	0
25	15
62	34
33	32
59	50
86	93
16	33
53	39
28	80
74	94
22	93
52	13
28	54
63	82
54	44
14	75
87	38
7	51
69	51
58	73
48	11
64	65
91	68
86	81
48	13
24	99
45	35
50	14
54	64
7	69
83	46
41	7
30	72
33	91
57	40
84	11
26	23
95	87
78	36
87	93
34	39
32	81
1	14
83	71
73	71
85	34
98	83
97	64
35	67
46	97
58	0
60	67
36	74
3	35
74	33
54	90
21	32
59	49
5	29
55	23
16	90
52	92
81	47
76	29
23	49
23	35
64	22
21	40
19	68
30	43
22	55
3	39
67	66
20	25
9	36
16	53
82	60
70	52
52	20
12	87
29	83
95	40
87	21
48	26
69	97
71	27
38	78
27	28
51	69
72	27
27	98
15	20
95	63
92	21
36	60
78	83
86	16
22	67
82	23
53	82
70	35
25	63
86	8
18	62
17	68
98	95
11	98
76	60
49	68
23	76
10	9
21	73
48	87
12	54
40	57
84	81
38	23
19	29
43	96
30	44
19	42
22	80
80	12
42	9
68	55
97	47
48	54
23	66
31	34
37	59
19	73
94	1
34	13
29	58
44	22
14	84
77	55
90	90
87	80
60	71
39	23
26	3
80	0
83	20
20	0
99	42
69	52
38	7
25	25
28	94
1	58
46	36
10	90
95	60
26	26
6	14
29	73
19	37
88	65
37	48
34	21
94	9
88	63
54	0
18	32
27	86
98	33
74	58
63	56
44	10
63	68
66	31
45	69
61	28
53	74
0	10
49	1
89	89
18	67
24	90
9	26
7	32
62	38
37	5
95	62
54	57
38	32
23	48
34	61
0	17
61	69
91	28
51	39
50	18
74	70
3	92
12	80
67	54
25	33
17	7
57	43
44	0
5	50
30	21
14	85
67	88
37	20
51	90
51	40
96	34
6	47
19	83
4	61
16	94
66	30
41	91
50	63
55	20
65	54
5	38
71	42
14	92
84	22
0	34
73	8
97	80
17	8
86	44
28	2
95	45
17	84
65	22
69	25
17	35
86	2
44	92
85	48
2	96
89	86
8	40
40	49
70	51
5	12
69	56
75	89
76	54
84	48
48	72
24	28
84	82
60	88
65	76
23	37
77	97
36	94
70	5
80	14
47	82
2	82
5	23
28	69
50	15
14	17
18	84
27	24
7	54
63	50
32	36
77	10
2	92
72	42
61	58
51	64
60	23
46	41
21	11
75	69
64	10
62	60
27	90
79	2
99	55
61	47
59	16
10	89
27	81
64	39
39	58
80	17
78	6
53	75
99	1
45	11
46	74
89	78
52	65
73	77
29	76
21	61
45	36
69	6
29	99
33	16
92	60
68	39
75	70
55	67
29	86
34	86
30	8
57	67
62	77
1	36
49	46
97	19
2	12
70	96
39	34
11	17
60	95
86	74
6	31
88	2
72	8
36	30
28	51
5	25
92	42
96	90
11	61
26	76
79	34
41	69
47	95
11	35
49	31
73	51
59	0
66	88
88	61
69	74
84	1
41	14
44	16
0	52
85	82
16	25
14	33
85	2
92	77
67	90
1	51
72	35
77	99
84	47
15	2
46	28
75	49
37	99
5	89
90	13
98	76
75	63
37	66
69	84
71	94
47	59
70	36
63	84
70	71
72	9
46	84
5	39
94	90
48	35
77	75
4	50
97	81
19	26
52	50
98	78
62	64
35	79
67	58
68	53
66	34
27	11
69	77
41	5
62	57
17	36
11	42
20	34
44	72
45	65
55	95
72	65
66	32
31	7
14	67
3	76
35	58
76	1
23	2
51	60
99	63
20	82
50	38
62	27
20	14
94	33
9	58
84	30
36	69
6	59
99	27
34	95
83	13
79	67
27	18
2	60
0	29
26	31
94	43
47	12
30	7
93	53
23	13
16	62
45	13
86	28
0	96
95	51
48	56
21	10
76	99
6	41
24	81
71	95
30	90
78	89
78	54
93	69
77	36
60	8
76	82
57	4
87	26
57	33
14	14
11	87
77	24
2	10
45	64
57	38
47	23
31	93
58	34
6	26
44	1
79	45
83	25
13	94
73	66
8	6
85	89
4	56
50	47
27	95
98	26
27	84
88	3
38	60
48	40
38	82
81	55
56	95
52	90
25	5
79	46
93	66
90	67
51	4
37	90
84	8
72	90
7	68
91	61
52	35
90	93
5	55
26	1
62	51
91	44
94	10
76	51
82	91
55	88
34	47
94	48
52	75
39	56
22	0
53	29
96	51
78	34
39	49
69	1
91	64
46	64
70	43
75	72
19	55
67	33
35	42
32	56
36	40
58	59
91	36
82	58
35	10
74	28
38	46
8	75
32	94
19	24
45	56
72	50
41	25
98	85
32	53
43	19
40	71
38	80
73	24
27	19
48	96
43	67
66	44
32	3
85	30
97	29
67	46
17	86
55	94
38	52
75	8
62	86
76	98
78	5
35	13
73	44
97	30
9	47
2	7
6	58
42	0
8	78
47	58
20	53
60	7
27	72
61	75
92	10
13	2
59	4
23	8
94	40
56	26
70	86
44	85
81	6
9	46
71	23
58	4
87	51
6	37
95	1
48	33
14	10
4	48
13	92
20	69
10	0
22	71
31	50
51	8
33	81
15	56
82	87
93	88
43	28
44	62
49	51
67	18
72	59
14	23
23	45
15	14
48	61
31	82
59	72
58	7
66	57
81	29
9	11
72	94
76	30
57	44
80	78
71	37
71	26
90	78
57	60
41	86
91	41
96	39
8	48
63	58
34	44
86	23
13	10
45	89
12	46
54	12
65	55
48	93
30	42
99	50
57	89
65	50
15	49
0	56
7	37
70	42
82	41
59	14
34	58
55	54
82	64
15	54
92	81
33	19
92	16
91	18
42	60
64	99
47	63
55	6
13	18
99	70
67	1
1	29
53	28
24	17
70	55
47	79
89	79
70	89
52	47
48	53
49	95
8	80
42	11
87	84
7	11
11	14
6	43
53	26
10	42
51	7
40	96
72	18
34	41
72	31
22	10
18	94
68	94
96	17
28	35
83	37
80	53
53	15
92	13
86	17
53	14
79	98
56	80
27	80
86	41
10	6
15	64
60	35
76	38
30	23
1	31
57	52
2	42
55	45
38	25
78	24
77	56
44	63
10	2
40	80
89	6
34	91
69	89
15	44
86	56
83	88
1	61
27	38
58	41
31	2
13	79
68	48
10	18
8	38
40	42
2	50
29	42
42	84
9	59
84	88
44	61
51	35
25	96
89	24
12	6
35	98
93	56
1	13
44	35
28	47
34	54
99	62
7	44
47	2
72	57
24	32
74	40
62	99
52	89
34	89
69	46
55	39
75	82
28	50
12	72
20	43
79	86
38	68
73	19
91	92
38	18
66	76
56	57
82	53
58	75
54	63
82	15
39	25
92	69
38	77
27	9
96	80
45	95
23	31
75	0
35	22
44	46
54	13
49	56
20	29
4	24
62	50
64	48
77	44
66	18
7	72
38	4
66	47
92	67
94	39
96	19
87	9
17	70
68	50
18	59
43	50
40	31
51	48
16	42
89	88
71	77
99	6
15	68
39	54
25	8
43	69
16	98
9	87
24	70
22	11
54	69
37	26
80	3
14	40
32	71
30	64
12	88
55	26
11	86
8	16
75	41
90	27
30	78
1	22
82	26
17	65
83	99
99	67
93	58
5	32
74	8
16	76
62	30
2	39
80	51
93	72
82	42
26	44
13	6
7	80
45	22
79	49
63	86
33	28
99	76
65	9
63	87
46	26
11	38
26	49
56	68
81	46
94	28
7	20
61	74
56	58
0	14
64	14
0	62
57	39
46	56
95	54
47	35
23	15
3	34
92	57
11	60
46	35
25	7
75	46
79	64
24	83
40	55
7	3
70	37
50	33
18	42
76	83
72	16
74	46
11	49
79	37
36	21
31	59
32	21
0	42
27	75
47	77
97	10
94	62
3	86
8	70
40	97
28	93
84	17
20	61
17	28
88	24
87	66
84	66
78	93
2	59
51	9
13	35
30	46
44	95
37	2
78	13
48	74
75	23
63	6
52	60
83	94
4	3
45	6
31	63
88	17
83	39
13	52
85	49
88	93
98	18
64	42
55	4
0	5
79	4
59	13
76	92
73	2
99	44
21	87
10	4
3	61
62	56
11	1
45	26
23	27
20	50
30	54
39	39
67	96
98	9
84	45
63	11
29	12
60	32
95	52
22	3
36	61
85	60
59	27
62	52
75	53
58	71
85	57
25	84
10	48
60	10
71	11
41	48
55	13
35	54
22	77
86	61
33	63
70	74
13	24
83	42
17	54
41	39
18	78
57	64
57	77
49	2
8	27
17	4
11	54
83	80
75	75
59	46
32	90
1	60
69	94
36	23
54	88
46	96
26	19
41	49
96	93
18	25
14	48
41	51
55	87
23	82
19	2
31	83
36	6
43	37
21	67
75	34
66	36
18	9
40	46
11	9
11	25
14	51
31	57
40	70
36	58
65	85
37	64
54	83
93	39
59	86
60	52
35	3
83	68
21	76
54	32
13	27
4	30
49	67
14	66
40	37
15	71
56	17
22	75
92	55
96	38
34	0
7	7
91	47
55	73
21	59
9	92
78	50
64	57
69	78
39	2
99	60
53	47
24	31
17	44
30	26
28	61
67	11
23	68
44	77
48	21
46	60
62	71
18	79
66	87
25	86
82	79
86	13
73	63
74	36
71	24
86	9
84	28
49	74
50	66
17	59
52	29
50	27
67	71
64	84
98	35
73	29
81	58
32	15
7	82
80	88
95	42
55	0
89	62
29	36
75	71
77	17
26	38
94	76
81	87
40	17
29	34
21	99
71	40
57	70
90	72
33	27
91	96
18	82
76	10
4	94
50	98
83	92
79	53
10	53
58	2
26	52
16	14
5	91
99	86
55	38
29	44
45	28
4	88
85	45
34	22
60	34
20	37
55	44
53	65
49	96
6	55
72	47
86	97
73	50
60	83
84	3
82	38
10	55
58	92
51	91
74	95
44	88
54	39
79	83
83	23
77	57
43	58
33	2
94	65
40	91
1	20
36	8
76	22
63	88
0	57
93	61
82	95
62	40
67	68
21	41
33	75
93	41
30	53
72	23
38	29
48	44
15	58
21	52
15	33
93	16
65	10
89	70
99	72
88	0
35	80
27	74
47	80
28	31
41	71
74	79
70	19
80	19
45	61
55	12
77	46
2	54
49	17
40	83
97	62
65	28
12	95
21	96
54	50
11	66
41	29
22	56
29	29
42	96
47	18
20	55
54	29
56	8
96	0
87	18
28	78
67	37
36	28
8	35
33	8
43	17
94	22
86	85
32	57
8	81
87	7
28	36
8	79
58	89
21	18
15	27
6	7
41	73
62	15
29	8
20	74
41	30
19	76
72	19
60	46
80	55
58	39
57	6
88	97
97	65
61	30
84	72
71	72
45	29
44	3
4	18
61	31
22	83
66	56
55	91
48	52
83	70
68	28
60	26
61	23
20	72
5	30
9	75
77	79
70	94
74	84
92	59
59	91
72	49
78	9
84	73
49	81
97	35
57	37
58	66
80	20
35	1
88	74
36	11
34	45
9	43
48	15
16	43
41	93
23	22
67	80
26	17
3	96
62	98
15	91
22	89
38	17
7	62
72	67
51	50
1	16
33	54
8	87
55	72
52	59
97	41
95	38
0	38
77	5
15	89
82	50
2	63
48	14
8	67
94	67
89	21
76	16
57	65
68	65
36	24
44	6
20	58
74	41
93	25
25	91
26	79
98	31
42	28
82	51
50	90
39	69
26	97
3	13
7	91
3	52
39	16
87	32
83	86
21	66
89	95
32	0
93	85
70	1
5	79
53	38
13	37
73	96
44	18
28	57
33	62
8	45
21	4
14	25
67	7
94	5
16	5
65	48
52	81
0	39
40	39
42	76
97	77
90	91
80	64
31	30
60	22
97	55
1	8
73	60
71	51
65	69
65	77
42	40
74	15
51	92
53	89
69	39
11	46
76	94
50	23
67	70
29	75
71	61
36	4
10	5
69	38
26	95
0	69
50	69
51	76
1	77
24	29
86	80
89	99
52	57
52	96
27	66
39	38
90	81
79	58
56	79
75	2
12	49
68	25
72	24
61	46
8	72
22	47
29	16
0	77
74	51
70	16
64	98
16	16
99	66
3	49
10	21
93	48
19	5
26	69
17	51
78	75
56	5
40	26
28	30
19	25
14	29
30	88
57	72
14	43
95	18
95	76
24	61
28	86
24	26
89	1
63	23
39	94
68	70
6	96
63	96
54	24
63	32
48	63
76	20
76	40
18	47
63	92
80	18
92	22
45	43
48	25
70	4
39	83
9	8
53	4
61	62
90	62
56	51
30	32
53	51
63	47
53	66
27	43
83	26
88	37
79	50
59	69
33	98
8	4
45	76
78	8
8	47
78	78
62	55
71	8
71	63
7	36
87	64
96	77
61	51
44	15
71	14
56	12
32	20
62	10
2	90
12	70
1	68
89	41
1	7
16	89
4	40
91	89
73	4
1	17
66	53
81	51
43	47
88	52
14	55
64	23
59	41
65	72
61	1
20	92
51	62
99	46
44	54
95	19
37	69
7	89
71	84
27	10
16	55
85	1
77	83
21	3
7	88
12	11
36	96
18	11
90	19
64	71
77	52
61	96
29	30
40	87
37	36
56	62
7	52
13	34
28	3
64	4
22	96
58	29
91	99
61	56
66	17
21	58
73	67
66	65
3	22
31	37
80	74
19	77
42	71
49	8
25	0
0	66
57	49
14	0
79	35
17	97
70	46
94	30
26	90
82	16
49	82
88	46
11	85
34	92
62	14
78	51
38	14
89	52
73	40
57	53
88	64
21	90
82	54
71	86
46	72
92	87
60	72
42	21
93	89
16	60
74	42
3	10
99	92
24	24
55	9
75	29
22	69
80	75
53	80
70	27
27	20
43	9
84	74
31	88
30	80
51	70
59	32
1	76
9	82
86	51
43	98
3	71
66	63
21	47
4	57
50	32
84	91
92	34
5	41
60	21
15	3
68	26
63	5
16	52
78	3
47	32
93	26
91	95
88	36
52	58
85	20
90	12
25	92
35	23
29	64
65	38
81	32
14	63
63	7
25	82
0	58
23	28
4	37
64	33
43	75
70	23
32	59
89	90
49	11
31	46
24	85
59	95
24	72
80	32
48	31
40	82
29	5
1	96
66	75
64	28
93	19
74	54
26	67
39	60
37	61
16	1
3	70
24	41
20	38
53	97
88	75
24	20
84	86
17	56
21	1
57	45
73	74
53	23
69	29
14	56
71	25
10	8
34	35
41	22
66	79
42	30
15	77
93	46
81	90
49	13
41	32
93	37
57	51
90	83
14	93
75	7
75	36
12	43
24	9
61	35
1	49
39	18
75	91
57	23
8	30
61	97
14	13
77	74
81	16
59	55
54	15
99	49
47	53
11	79
29	56
66	14
7	15
41	50
83	97
17	38
56	11
20	8
38	55
94	3
52	77
20	11
56	1
3	6
14	18
11	74
13	67
43	23
14	77
42	18
94	69
84	46
93	5
39	24
57	27
41	37
37	25
86	64
19	64
30	15
75	66
33	21
89	84
41	9
32	1
10	27
88	56
79	90
85	25
27	88
41	83
67	12
93	70
44	91
14	49
35	32
54	97
3	4
94	81
30	63
88	71
29	81
0	1
7	2
49	87
55	33
60	65
0	70
4	11
94	68
19	17
39	89
29	92
38	73
94	58
76	33
52	91
87	85
7	97
7	99
22	88
47	71
12	20
61	81
60	50
20	1
89	29
71	92
92	70
70	80
65	37
31	43
44	9
23	47
88	66
40	3
47	88
97	93
84	25
7	21
70	63
53	32
15	67
32	44
33	15
52	46
22	44
82	89
87	90
17	21
53	27
76	75
8	76
16	66
2	31
64	54
77	71
46	25
43	35
12	57
35	15
50	56
88	47
85	14
69	45
7	58
15	86
19	53
33	7
30	17
29	74
78	49
2	15
78	22
68	72
82	30
21	57
91	53
5	92
65	41
70	70
54	58
98	38
62	16
14	24
85	39
11	92
10	83
98	32
30	38
62	42
29	18
64	9
89	22
11	48
92	45
89	8
13	78
59	79
16	47
12	16
25	64
42	15
74	55
0	76
25	85
33	1
58	11
19	75
58	95
35	56
22	12
74	86
67	57
12	35
72	41
60	3
61	49
21	92
74	50
38	40
73	97
40	11
12	4
98	15
24	0
0	93
93	47
7	27
59	88
45	37
59	74
78	73
31	1
15	83
41	90
5	87
17	77
42	1
3	30
28	88
88	10
30	22
25	59
33	85
73	3
73	0
60	55
67	82
62	58
7	73
13	61
75	9
55	57
17	10
46	82
90	88
73	57
90	3
46	57
87	24
55	7
95	31
4	69
74	59
16	65
18	51
72	7
22	6
48	28
77	60
0	85
2	68
54	51
54	45
81	21
8	0
33	69
68	45
64	26
10	26
87	4
46	62
32	95
51	31
71	6
85	40
21	20
65	57
37	0
62	90
36	42
73	7
63	75
50	13
20	60
63	0
28	60
56	38
8	24
45	54
3	0
4	71
27	89
54	31
75	78
76	81
39	4
42	27
42	79
83	11
30	94
46	2
39	14
97	3
52	79
55	8
53	56
81	60
59	78
85	64
69	14
64	50
13	53
86	98
3	80
53	87
95	33
78	45
96	44
87	99
77	73
38	28
79	89
5	46
57	0
1	59
95	32
16	79
87	23
27	99
14	97
85	9
18	16
68	3
41	46
63	36
10	58
71	83
5	33
20	95
68	27
93	32
62	20
18	13
0	48
19	27
19	91
24	73
23	3
49	9
45	25
24	63
44	42
62	4
75	38
35	93
6	85
3	19
14	42
55	46
84	87
82	45
13	66
26	33
45	81
70	92
26	12
43	65
24	14
91	31
10	70
77	15
35	33
2	72
74	23
9	57
40	95
62	21
65	4
8	18
42	22
17	52
32	19
38	71
97	89
73	15
44	55
17	49
99	38
61	34
28	19
66	83
2	2
27	4
78	69
4	74
1	28
42	23
52	22
48	62
47	25
41	45
51	66
73	64
44	37
77	34
7	17
25	60
64	80
24	67
89	66
52	86
79	91
37	78
50	46
39	78
44	17
45	55
63	71
92	79
56	33
5	84
42	82
57	55
83	19
53	88
85	94
42	7
37	97
94	94
93	30
2	58
38	37
90	85
60	58
18	20
81	91
62	46
14	12
62	76
5	58
66	67
29	45
20	56
78	91
5	67
62	63
16	88
80	9
21	9
10	19
46	19
64	56
69	58
42	98
30	16
61	18
99	82
6	61
20	73
96	26
96	73
35	76
91	45
4	96
54	9
92	53
85	5
66	24
31	27
37	31
3	5
98	49
24	78
5	10
50	58
89	36
46	85
75	3
64	47
70	41
55	93
10	94
75	37
73	54
66	99
23	94
12	24
55	18
37	45
91	9
22	18
32	25
25	23
57	21
90	41
45	51
59	3
8	96
96	9
11	91
42	94
5	49
41	11
11	53
50	42
62	96
37	89
38	72
19	33
93	7
76	18
78	77
8	43
65	86
67	53
19	79
66	92
78	82
90	74
77	23
65	45
18	34
83	5
19	14
75	10
7	34
82	10
34	15
84	35
17	0
1	82
60	53
90	94
80	60
68	96
20	32
98	12
36	31
70	59
73	20
28	16
11	34
93	21
26	20
76	66
50	12
51	77
54	49
49	44
38	84
66	45
31	56
99	37
20	91
31	85
41	24
23	81
93	49
44	87
29	80
63	81
10	91
63	91
0	53
39	7
75	26
97	1
32	68
68	47
86	73
72	87
82	11
24	64
50	8
37	60
52	44
0	87
88	49
76	55
38	12
29	78
33	99
65	46
40	69
97	91
90	4
75	97
48	84
50	79
74	60
1	94
51	12
17	27
94	19
91	20
64	46
50	96
48	39
18	6
64	8
11	10
95	89
35	38
32	97
77	92
47	74
47	28
13	81
1	18
63	30
22	86
51	43
28	76
28	56
2	55
46	4
74	2
0	75
12	36
6	19
53	36
24	27
72	36
34	94
76	87
36	44
0	73
47	19
71	66
97	22
19	40
44	51
65	96
9	21
92	78
54	5
60	64
21	55
82	61
31	11
32	41
5	13
59	87
11	32
50	4
84	14
47	21
94	55
47	91
5	26
53	16
56	3
50	5
1	23
56	22
95	86
52	15
64	51
48	83
84	15
98	88
68	29
47	39
92	82
70	22
41	94
81	65
59	9
4	62
47	46
28	0
96	40
40	62
46	46
72	43
60	36
86	75
11	3
32	80
24	86
72	15
26	99
58	72
19	81
92	46
9	94
37	63
32	55
28	43
43	53
19	95
10	54
21	89
14	68
68	35
38	56
55	10
31	87
14	59
29	65
64	67
39	46
36	83
26	72
15	34
59	7
61	38
1	50
45	9
89	16
88	83
80	61
84	69
6	10
0	74
95	24
55	48
12	1
14	96
87	35
26	60
15	55
32	96
15	90
56	31
48	30
74	97
26	50
46	23
55	59
79	18
96	75
15	84
81	45
29	41
80	10
72	0
13	65
91	0
25	66
95	74
78	35
52	27
3	87
57	42
73	32
48	65
48	29
38	31
92	64
51	22
27	70
87	17
91	15
59	17
46	81
71	93
50	17
92	5
71	55
49	47
33	64
71	91
86	32
98	84
36	45
1	42
94	45
53	94
92	65
58	27
98	89
92	2
86	89
83	17
78	86
86	30
78	85
66	64
57	86
91	85
63	80
29	77
78	17
13	85
57	9
12	75
36	37
92	26
42	67
15	48
52	26
72	71
32	13
17	92
2	87
51	46
81	27
4	4
0	63
93	17
85	43
0	78
30	31
28	11
43	89
74	12
82	96
10	35
64	41
16	4
37	70
43	42
62	84
89	17
72	74
87	2
84	50
82	29
81	98
68	57
43	29
82	76
62	54
19	92
0	18
50	31
61	78
74	5
12	84
50	80
92	40
27	42
94	23
30	49
8	59
95	71
65	75
53	57
47	73
59	45
60	38
21	86
56	55
74	13
56	73
35	91
30	79
53	5
6	66
93	73
0	86
65	84
60	9
77	18
54	11
79	70
37	57
32	88
4	68
70	39
7	1
89	53
6	44
21	51
72	93
48	64
79	59
45	32
19	9
2	57
68	42
2	56
75	21
68	32
33	46
9	18
36	52
3	85
61	45
56	90
80	70
78	41
45	27
48	76
2	76
77	6
68	85
36	77
37	27
94	74
2	86
25	94
33	47
59	53
94	32
9	77
91	37
91	30
82	47
95	15
25	70
52	87
97	9
93	98
8	84
66	81
13	22
7	40
73	46
68	21
67	0
70	9
24	84
74	98
24	98
52	88
74	81
83	16
69	27
90	38
69	75
72	3
20	24
26	46
86	54
65	67
91	11
9	83
46	47
85	7
34	82
26	13
6	4
89	20
54	84
74	78
50	37
44	53
85	92
19	41
31	51
79	27
92	27
60	70
70	38
0	67
36	93
10	28
38	49
59	35
45	10
28	15
28	92
29	9
81	64
43	85
56	43
57	74
43	66
47	41
19	57
76	62
98	68
65	95
55	15
81	82
29	43
76	68
83	83
52	31
85	31
81	23
52	53
52	6
2	24
47	31
38	91
58	24
37	3
12	64
34	87
99	23
17	89
54	28
53	71
47	36
7	60
13	76
89	42
53	96
36	78
17	64
62	39
11	47
88	79
27	52
71	19
82	44
73	62
19	32
39	8
18	56
56	88
15	4
64	49
92	32
9	80
17	73
64	11
12	60
66	50
87	59
15	29
15	11
52	33
50	43
79	94
62	24
24	18
0	60
39	68
41	65
99	43
56	69
24	58
5	53
22	34
98	46
35	24
86	5
64	68
66	60
24	40
6	86
90	79
25	1
51	95
64	76
64	69
79	11
6	42
88	30
26	63
39	17
81	94
76	0
59	97
22	2
85	73
25	31
1	78
82	36
68	38
14	20
89	23
4	70
87	46
67	43
47	33
89	40
95	66
23	20
33	38
48	23
9	85
9	39
8	20
95	39
84	16
17	74
81	12
82	90
37	85
14	81
90	60
79	73
95	30
10	68
6	15
29	93
95	56
89	11
61	68
16	64
58	58
64	88
40	8
98	99
15	65
54	35
43	64
25	12
26	54
87	91
47	68
4	87
42	38
67	34
3	26
13	23
64	93
24	2
95	16
77	62
97	76
93	27
15	63
18	40
31	47
36	67
36	34
34	74
42	24
52	30
86	34
28	12
52	80
51	73
34	84
14	2
65	80
75	31
5	74
33	93
93	97
70	60
11	57
53	81
62	18
44	66
26	92
11	72
6	27
62	70
0	44
77	95
35	28
63	60
29	40
30	81
11	4
68	19
71	80
25	68
5	93
61	36
81	44
78	53
43	63
86	71
21	64
33	73
45	92
91	29
45	45
9	41
74	80
58	98
19	48
57	41
94	53
38	85
52	49
46	0
5	88
67	64
51	81
58	93
45	42
5	85
26	57
7	77
13	43
46	5
2	61
22	25
41	31
75	28
4	36
1	10
70	7
47	10
23	10
75	96
78	27
23	7
39	64
99	48
53	7
86	52
65	61
75	32
96	11
80	95
63	19
99	20
53	8
19	58
86	68
74	91
6	20
53	18
29	27
53	91
61	29
39	79
11	67
30	98
50	83
96	59
89	68
34	76
18	61
90	23
38	19
28	66
44	39
46	87
81	85
37	18
64	32
99	28
99	13
18	68
25	80
93	63
90	22
62	74
14	78
20	39
34	19
37	82
16	32
14	98
98	44
98	79
61	10
88	12
51	13
16	10
73	85
78	84
86	78
84	49
59	10
28	73
94	47
70	40
40	73
44	78
53	53
47	86
71	41
7	31
95	35
25	41
83	47
52	70
99	57
13	91
35	19
82	75
95	98
94	29
75	1
96	79
88	77
8	93
79	16
2	85
49	66
42	57
77	50
64	89
77	59
12	3
64	73
70	32
89	43
91	24
64	44
26	43
58	53
97	6
36	54
5	99
63	41
55	65
59	30
19	21
90	58
31	69
71	38
43	73
88	35
71	98
12	45
24	94
94	64
61	9
31	18
24	51
96	2
94	60
79	19
55	75
58	43
29	15
46	89
49	59
99	79
59	98
93	75
40	15
54	62
64	61
49	32
19	89
58	76
82	80
3	50
57	93
78	63
97	90
11	90
14	9
93	15
33	90
62	25
41	80
27	1
91	12
39	98
74	53
3	74
46	7
68	76
4	1
10	92
96	15
88	94
8	82
8	5
3	3
65	49
42	12
17	41
76	2
41	75
22	73
38	5
32	28
77	37
12	9
66	77
23	83
69	47
55	40
35	34
75	86
6	91
78	43
41	36
47	0
89	60
58	52
12	34
24	59
89	71
66	15
5	14
12	21
22	99
35	44
21	54
4	91
39	42
6	46
79	44
45	85
86	35
50	73
87	14
97	73
3	91
42	55
62	43
54	89
72	38
44	60
38	53
19	65
14	26
48	71
89	47
53	62
92	41
39	67
40	68
78	47
8	25
27	3
59	22
77	69
12	17
20	23
68	2
7	55
73	13
40	40
60	78
81	25
42	46
94	52
56	72
76	7
60	37
68	80
2	66
52	84
25	16
48	89
45	39
67	13
13	41
85	4
79	56
77	67
46	69
4	89
9	68
68	31
13	36
4	9
30	60
0	54
95	43
16	68
16	57
54	23
99	88
71	56
70	91
31	36
22	38
84	96
11	40
23	98
71	28
1	65
81	50
11	33
78	94
56	60
49	21
20	66
44	64
70	10
48	98
50	20
3	21
34	8
82	93
39	48
5	31
87	96
44	57
92	6
94	46
4	27
44	44
17	60
73	70
61	53
30	30
60	98
18	12
96	50
84	85
32	39
54	96
35	39
56	32
23	80
16	61
56	48
11	8
43	91
31	52
38	15
92	17
16	67
9	1
49	34
56	42
88	96
2	51
87	73
22	35
86	77
43	26
22	46
34	66
7	71
29	89
85	58
59	23
87	83
88	67
45	94
2	36
98	42
58	8
42	42
73	58
71	67
37	77
35	95
88	7
87	54
2	13
97	46
24	89
56	66
90	18
8	85
36	12
73	9
2	0
35	4
88	91
23	41
24	10
44	49
3	77
81	75
80	44
55	37
46	10
16	35
70	99
18	69
81	33
8	51
10	51
68	13
6	51
36	56
79	75
73	28
81	5
47	4
55	3
25	2
2	41
71	12
30	27
0	98
75	13
18	95
62	45
60	56
68	97
20	83
80	2
70	2
68	58
6	82
61	16
15	62
86	18
57	30
62	93
64	82
10	64
74	6
63	62
18	0
24	82
20	45
70	15
24	66
90	98
88	51
53	33
52	61
4	21
28	1
48	10
17	91
24	12
81	54
64	52
66	0
23	42
84	0
61	73
72	34
94	0
15	85
49	50
6	83
7	18
87	79
60	51
92	0
28	79
24	76
86	76
77	3
38	22
46	86
2	28
89	12
47	98
1	80
54	78
97	71
8	98
74	75
85	50
74	37
82	77
47	87
12	26
36	15
5	98
38	16
13	14
51	36
52	19
80	99
92	49
40	20
19	84
94	98
17	55
61	44
33	25
44	7
43	4
53	92
55	30
91	62
18	87
97	60
57	3
40	48
35	74
16	73
59	38
9	22
46	52
35	46
85	51
40	24
47	83
66	93
56	4
56	16
22	48
91	91
68	16
85	23
95	73
6	3
31	19
11	16
27	50
99	24
34	96
41	19
71	65
17	2
3	2
32	42
71	18
81	63
19	94
6	53
25	97
47	78
70	12
9	65
69	36
35	68
15	97
62	79
79	97
52	25
71	30
20	41
12	18
22	66
89	32
32	60
94	95
44	40
38	44
60	17
16	0
53	12
51	25
10	77
10	76
5	61
58	90
19	3
45	8
66	69
89	18
65	99
84	70
70	78
98	60
79	65
78	70
88	45
18	10
38	88
4	46
71	22
18	80
85	99
81	81
24	87
56	10
99	16
41	85
84	92
10	3
93	52
94	56
59	15
24	57
32	38
47	61
34	78
77	41
45	68
79	72
51	80
99	35
28	58
41	20
41	95
77	2
70	54
38	20
46	54
30	76
57	57
70	62
47	72
43	62
40	90
69	95
78	40
10	88
17	93
37	81
89	61
64	92
97	0
57	2
34	4
73	25
98	3
4	59
11	45
8	9
98	87
69	2
78	71
72	1
87	41
96	45
82	67
14	38
20	48
81	34
75	55
9	78
37	80
23	74
11	6
85	29
86	3
18	58
35	62
5	90
71	15
15	60
44	4
58	42
9	70
16	27
24	53
83	8
47	45
45	96
31	99
90	48
11	29
89	63
80	71
12	94
62	73
71	89
78	33
15	93
20	97
46	44
45	79
40	32
4	14
0	23
81	80
55	24
75	4
55	76
69	17
71	57
13	42
20	52
41	3
58	40
62	0
93	77
16	36
54	56
57	58
18	19
50	22
29	94
50	88
41	97
58	88
97	92
22	23
91	69
74	63
11	81
50	10
4	66
22	28
77	98
47	15
66	97
40	61
47	5
5	64
66	72
42	5
6	50
39	97
30	85
92	25
5	48
4	6
79	39
52	52
47	57
3	45
20	20
85	24
61	87
7	41
55	25
40	2
42	73
84	55
67	36
63	94
83	40
23	14
49	36
73	83
12	97
45	87
38	1
5	68
8	94
14	57
41	64
33	35
45	19
54	26
63	51
85	15
32	7
29	46
84	61
84	52
16	12
33	88
40	19
78	20
40	65
98	64
55	22
52	9
33	51
12	51
28	64
31	60
72	46
91	1
7	45
65	42
32	73
64	7
66	85
81	24
94	86
68	43
57	66
63	98
4	99
12	13
40	16
49	71
77	28
64	6
54	10
16	34
51	33
34	72
7	35
93	23
10	20
88	6
87	25
28	22
73	38
64	55
46	6
83	14
32	72
48	70
63	21
40	7
95	9
92	20
76	64
97	37
58	67
61	55
20	33
35	47
69	3
32	33
95	2
50	74
33	14
75	51
20	88
24	35
66	68
97	15
35	72
8	50
22	58
40	28
64	35
46	21
23	96
7	78
57	12
48	32
54	14
18	81
32	22
84	34
79	48
83	58
80	40
77	84
11	82
22	85
62	44
51	11
17	17
95	70
4	7
38	67
56	89
96	46
82	34
87	86
30	86
33	23
91	63
28	65
76	93
79	76
72	63
83	84
72	13
27	31
32	79
44	45
97	96
44	76
4	44
80	30
10	50
60	75
5	27
93	93
68	18
42	90
77	86
35	21
75	45
68	49
96	56
83	43
4	85
87	87
84	51
72	11
77	58
81	86
45	50
25	3
17	1
19	8
68	54
97	94
51	97
39	84
49	39
60	18
11	28
37	76
8	34
49	60
0	11
59	56
42	16
79	96
15	76
19	12
92	71
77	11
7	0
90	2
30	70
70	20
81	74
33	4
45	21
66	33
10	46
27	32
67	24
91	83
43	8
5	9
38	11
61	32
78	74
68	77
14	3
28	40
65	91
89	94
11	12
39	15
79	41
70	93
61	77
9	19
4	86
52	76
10	82
26	84
70	81
61	26
49	22
84	75
13	15
34	68
9	32
9	72
5	62
96	8
1	85
68	79
69	61
0	82
53	98
30	67
64	5
40	72
2	45
93	81
71	59
33	84
78	76
93	45
32	9
83	74
1	71
75	74
19	70
9	79
37	21
8	8
44	5
65	30
99	68
74	89
33	52
49	27
52	74
88	9
14	50
36	17
26	96
70	0
96	16
11	7
9	74
2	20
60	27
59	58
72	37
48	85
86	88
34	2
52	40
13	84
20	80
71	29
2	6
61	54
35	7
33	72
21	48
60	77
52	51
45	5
82	14
98	36
74	44
50	76
45	18
78	60
49	57
11	11
30	39
73	56
22	76
51	88
83	54
67	91
81	14
77	27
76	59
94	80
98	43
47	20
83	3
53	11
92	38
97	84
97	27
72	60
20	4
6	74
60	12
85	16
58	55
16	85
25	44
85	13
98	61
77	31
94	91
61	72
63	33
60	47
90	76
67	22
16	95
49	42
64	86
23	63
50	87
69	13
36	0
89	34
67	74
12	40
96	78
61	60
64	0
24	45
94	8
76	24
27	13
18	38
51	6
47	84
14	35
42	35
87	31
20	65
61	94
47	22
58	9
12	63
76	48
29	23
61	3
82	39
93	67
57	19
41	6
96	37
60	48
98	97
24	44
34	27
45	2
86	25
3	11
48	38
43	11
86	12
86	4
61	84
82	56
5	44
97	43
59	71
50	9
92	90
99	64
48	16
59	54
96	54
2	65
96	4
21	63
30	84
93	80
16	29
71	97
21	62
71	71
96	99
75	54
7	6
1	73
80	1
40	25
60	2
16	86
73	37
26	35
54	66
79	22
4	65
39	73
80	54
98	63
11	63
40	5
76	88
83	59
17	14
98	39
11	84
86	36
60	90
56	83
46	71
37	94
80	68
83	93
18	23
14	62
37	83
51	78
41	41
66	66
61	83
9	5
91	84
94	87
70	25
27	91
14	45
90	50
65	59
92	58
70	72
32	74
90	68
97	58
38	0
22	94
69	44
14	27
69	73
57	31
72	29
72	72
98	16
66	8
43	45
83	34
67	47
9	93
61	52
44	31
30	77
32	98
45	4
21	31
7	47
0	91
48	59
77	4
51	17
91	38
1	46
91	77
75	90
46	33
34	5
14	8
56	65
96	30
60	73
16	6
71	44
24	6
22	49
38	45
98	28
35	92
59	1
74	71
39	30
46	18
87	34
46	31
20	28
48	17
11	13
71	74
36	53
65	62
2	49
67	60
65	88
79	42
95	8
59	34
34	38
9	27
69	4
54	73
1	4
65	83
12	74
31	91
87	39
85	26
6	54
26	89
84	36
59	63
81	36
52	99
48	7
29	11
45	98
29	50
27	39
93	22
94	73
70	26
55	52
47	67
62	6
49	3
47	51
92	39
54	80
80	91
71	82
34	53
33	61
17	87
5	8
79	93
96	5
16	80
2	75
92	33
43	74
53	19
86	87
88	18
69	67
23	52
67	72
2	88
50	92
6	98
28	95
25	75
37	1
23	40
65	23
25	39
88	76
77	51
40	85
61	5
8	52
90	0
87	61
20	59
63	38
50	29
80	49
19	18
19	71
59	77
28	91
90	82
95	20
27	93
50	51
37	67
65	1
18	44
3	89
37	62
51	87
20	85
80	69
44	30
13	33
83	10
92	15
20	94
12	0
87	82
33	40
79	28
60	74
3	88
22	32
10	65
30	1
36	75
85	47
74	85
48	27
37	4
82	18
75	12
24	92
57	69
98	17
60	33
24	21
34	55
78	81
26	30
8	12
97	74
56	7
73	42
42	74
67	67
28	14
12	66
99	36
35	65
97	4
12	56
99	7
33	86
61	22
55	56
70	79
98	30
82	74
7	93
3	65
41	82
40	99
62	91
55	71
57	98
37	39
20	57
42	54
88	73
9	40
9	23
12	47
55	66
10	36
30	6
94	31
57	80
16	39
99	65
23	67
82	92
40	64
64	90
38	76
2	29
91	66
9	61
99	52
61	86
48	55
55	63
69	53
95	92
25	95
28	23
1	6
8	26
40	14
43	25
12	41
28	38
50	44
98	65
90	28
45	33
0	61
88	43
60	5
58	78
69	7
94	2
72	64
85	67
58	60
61	15
40	75
32	65
9	86
41	1
95	95
91	86
40	36
60	94
76	52
10	13
39	44
81	35
52	3
31	0
8	19
91	19
87	15
23	1
64	79
14	87
47	76
26	75
64	60
79	63
93	29
36	27
70	67
28	18
57	90
1	74
71	47
32	49
49	10
65	15
18	15
43	60
25	65
65	92
71	20
74	52
59	24
80	38
72	20
7	19
6	79
26	83
65	33
17	34
87	30
43	0
53	22
72	97
85	91
98	8
56	75
13	80
23	61
49	26
76	9
52	64
58	69
42	83
88	81
65	98
95	78
97	82
20	51
72	22
75	68
64	83
32	37
14	30
7	66
7	53
87	70
0	68
67	6
2	95
68	1
0	64
4	0
17	24
25	74
87	8
89	74
7	12
59	65
65	43
75	59
24	48
53	41
81	70
14	64
46	17
86	69
21	12
80	56
53	20
25	88
69	22
26	64
34	29
83	57
38	2
66	71
0	21
93	50
19	97
59	85
84	83
58	36
79	87
99	19
22	9
20	6
73	92
68	5
36	55
91	42
46	16
13	31
22	33
9	99
93	57
28	81
85	84
52	7
41	10
40	23
46	76
6	73
40	6
64	12
1	30
38	8
37	16
63	10
41	78
25	93
94	20
10	16
11	21
88	92
86	65
10	45
59	20
57	81
86	19
66	23
6	49
82	3
68	41
97	33
71	79
67	23
5	42
85	8
20	31
70	14
37	49
50	70
44	80
76	73
0	88
93	87
74	7
91	60
20	44
18	45
3	67
4	49
62	8
11	39
9	96
66	59
38	54
67	81
12	61
80	21
64	18
39	52
64	77
57	85
80	22
6	1
51	79
44	32
38	21
84	57
25	83
77	30
66	37
3	43
97	70
20	64
23	12
16	77
89	35
10	72
0	4
6	5
68	24
4	90
51	52
24	74
88	89
28	82
55	84
34	9
35	61
60	1
34	11
25	20
39	1
42	81
49	20
67	55
38	9
82	88
47	60
92	85
47	49
26	28
16	45
46	12
21	7
93	95
26	15
23	65
24	11
15	10
0	16
44	24
90	87
19	80
79	15
0	51
68	20
85	17
70	56
95	83
83	87
94	61
9	50
74	31
8	10
75	19
34	48
17	72
90	25
5	0
56	64
13	55
63	13
84	60
33	36
77	33
76	19
73	89
77	85
49	64
22	13
47	64
39	85
69	81
24	80
15	5
52	4
90	11
95	12
95	27
21	77
26	2
65	87
82	98
42	6
37	51
26	36
47	96
61	8
88	54
51	20
27	92
81	73
9	84
50	99
77	0
31	61
9	49
15	8
56	23
4	47
15	94
12	62
41	99
38	94
76	79
18	93
70	13
44	14
95	13
26	9
75	11
46	48
41	74
91	75
28	21
86	29
50	7
0	40
54	6
88	55
94	37
83	78
92	97
56	35
84	97
99	97
2	67
23	71
37	32
89	15
93	92
69	83
35	87
86	86
92	36
67	59
17	75
98	93
21	39
2	22
66	39
62	11
47	92
55	32
36	97
5	36
4	29
41	79
52	32
25	11
7	76
27	46
83	49
52	37
20	18
39	93
97	67
97	20
56	15
39	27
73	90
62	75
75	80
33	55
48	24
52	2
39	22
35	51
97	45
71	58
9	16
7	8
60	25
69	20
5	20
81	1
73	26
32	6
31	70
46	98
82	8
31	40
47	65
90	30
18	26
94	11
59	92
42	26
68	78
49	79
46	34
37	35
70	98
68	75
62	22
23	56
46	59
16	70
58	96
27	29
19	66
63	69
10	56
67	95
34	40
16	37
59	57
31	97
27	83
35	5
31	32
50	71
47	54
99	47
66	22
9	34
82	59
71	88
8	11
62	69
41	38
3	59
22	26
93	84
67	3
21	37
99	51
90	44
51	41
14	61
39	88
86	49
11	51
37	13
34	97
74	17
68	52
74	11
1	70
5	17
35	70
39	10
99	9
98	67
11	80
12	29
95	0
81	41
66	78
83	22
33	41
31	20
93	82
68	23
91	46
30	82
78	52
6	80
40	53
29	10
7	42
31	14
25	48
74	14
41	13
63	89
6	68
57	14
87	47
50	50
82	21
32	8
53	42
65	12
10	15
29	35
31	38
85	70
0	41
69	41
80	26
43	7
42	51
24	25
37	38
54	75
90	37
57	5
41	35
20	98
9	90
75	88
56	14
95	41
10	74
77	25
84	2
23	44
47	14
46	45
67	31
8	66
33	34
84	54
4	20
21	6
14	1
85	28
22	91
82	52
91	23
18	63
25	24
17	18
84	24
94	71
5	6
91	49
84	23
54	95
17	98
14	39
35	59
84	26
66	73
8	89
42	93
57	28
33	12
3	1
61	76
58	19
43	27
61	64
68	10
81	19
51	75
57	16
61	65
24	16
13	97
95	99
85	90
10	69
32	23
17	19
96	6
52	21
97	7
7	70
14	90
60	76
27	79
36	64
36	91
61	19
36	20
50	86
99	89
72	92
53	2
80	28
91	98
5	76
67	50
58	81
31	53
21	74
22	81
72	77
51	56
97	23
87	0
85	19
13	57
71	2
2	93
88	88
7	65
26	7
75	77
0	6
93	11
90	34
23	23
75	93
28	84
14	47
3	31
1	25
18	33
7	92
11	59
14	65
85	76
72	21
28	34
51	58
91	3
79	74
83	6
19	16
94	14
75	99
60	43
54	42
11	5
49	62
81	3
84	10
37	56
68	46
99	2
89	56
47	52
49	99
65	47
49	5
65	94
33	87
70	53
62	68
12	2
32	47
52	71
21	80
72	66
5	94
77	54
76	56
54	68
33	42
12	19
3	95
37	91
6	56
33	71
76	78
14	71
24	19
2	81
14	60
62	66
34	43
97	75
7	50
99	18
3	17
17	20
87	28
19	60
24	71
74	99
77	81
2	99
90	63
53	31
19	4
1	84
12	58
92	29
47	24
15	75
57	24
66	55
92	61
5	7
45	82
67	92
36	85
66	95
10	30
39	74
90	61
70	11
46	22
25	49
67	2
14	19
59	67
7	4
36	89
98	66
26	5
60	49
17	31
45	49
91	13
48	75
56	13
41	67
78	90
97	99
0	92
18	46
30	34
60	6
49	38
96	95
67	35
88	95
67	26
7	14
37	53
69	91
61	0
75	61
19	19
98	23
53	99
99	22
49	80
37	28
44	90
58	91
3	97
72	99
15	26
81	52
90	46
29	85
11	22
85	55
43	54
7	98
11	95
73	6
44	13
4	25
1	53
60	44
18	57
46	58
9	3
62	23
82	73
33	29
23	85
31	80
96	28
44	67
88	80
12	90
69	88
16	13
27	97
48	41
71	32
93	8
36	25
45	40
56	39
95	65
47	44
87	81
42	72
5	65
58	86
84	76
81	71
78	64
30	9
60	4
34	67
70	18
45	63
75	76
61	20
51	67
71	60
53	90
15	9
67	83
26	14
19	98
91	58
72	25
97	63
74	77
19	45
13	50
22	21
31	8
43	2
42	91
78	61
41	61
8	3
8	99
28	97
34	10
40	35
84	7
60	68
27	62
1	44
21	85
67	77
50	89
43	38
27	45
70	45
31	13
95	44
41	44
72	54
96	86
95	80
60	24
63	57
35	45
90	26
13	90
46	63
81	15
34	64
40	38
8	14
83	96
41	47
10	99
90	99
36	3
91	67
59	80
84	13
57	99
8	22
66	9
31	45
11	41
9	76
56	81
75	24
43	84
59	73
0	13
64	2
47	6
56	47
6	32
11	19
36	59
70	50
17	33
47	93
31	84
11	58
64	15
55	58
58	26
12	5
64	58
75	35
54	46
87	71
32	32
59	82
55	19
62	61
55	35
11	30
26	27
90	42
4	77
33	79
43	43
67	29
95	6
6	16
46	29
6	12
21	46
48	97
0	55
96	41
18	14
81	43
18	97
36	39
54	30
98	20
99	61
44	96
71	46
27	94
34	88
79	79
93	24
90	71
4	81
73	81
4	42
61	33
37	22
79	25
29	3
76	89
82	37
75	30
63	49
32	30
88	62
14	4
61	6
98	27
1	48
74	1
10	96
6	78
21	27
39	80
93	31
9	89
51	83
91	93
12	82
64	36
24	15
87	88
67	98
2	48
92	56
57	56
30	55
34	34
5	3
33	6
97	5
64	34
83	12
42	53
16	97
31	55
29	13
28	49
28	24
96	36
5	75
24	23
58	99
77	49
43	57
5	2
67	52
22	79
79	38
33	45
37	24
67	93
29	97
46	8
75	57
74	56
43	34
27	25
34	31
5	97
51	26
63	16
71	33
81	76
36	46
10	38
23	84
95	94
99	41
40	59
21	16
46	65
1	19
95	85
28	4
10	97
54	81
60	62
51	18
40	34
4	82
70	77
66	62
30	29
34	56
4	79
9	35
41	34
31	78
98	13
27	49
32	52
3	29
41	98
40	58
47	1
49	90
65	21
73	49
63	14
4	22
33	5
1	5
39	71
9	9
91	82
19	39
60	45
12	73
87	50
62	87
30	61
19	78
73	11
42	70
25	61
85	27
86	7
35	43
59	33
84	93
66	70
52	82
80	7
2	27
36	90
73	84
73	79
28	52
43	30
68	64
11	77
1	2
17	57
19	85
59	18
83	0
9	98
48	95
7	16
26	91
96	74
70	21
45	88
81	0
44	75
15	88
39	57
45	77
25	9
30	19
72	40
92	37
19	28
77	90
97	66
22	42
42	41
32	66
66	12
80	90
22	52
72	10
21	50
92	73
22	63
35	77
90	39
85	53
11	88
12	91
38	83
73	47
87	19
13	68
36	84
98	70
15	87
30	52
39	65
14	37
80	47
52	24
89	3
68	60
63	26
17	79
39	13
35	14
47	30
18	53
9	33
86	38
2	14
37	23
70	75
97	53
6	28
1	0
36	65
53	77
86	59
67	27
45	60
13	64
89	19
18	49
16	2
16	21
85	97
0	15
49	23
9	24
25	36
93	54
71	76
38	51
39	51
99	29
89	98
12	83
85	59
0	47
2	77
70	6
18	18
41	68
13	44
50	75
99	75
14	52
1	90
44	23
42	8
39	28
40	84
30	56
79	20
87	56
33	94
56	54
10	23
62	1
6	52
56	27
33	9
6	77
28	9
80	59
63	2
14	15
96	66
24	62
7	26
13	75
2	78
97	51
49	61
43	77
45	41
16	19
83	44
75	64
56	41
13	98
18	96
96	7
12	67
12	50
27	71
17	99
68	63
98	56
91	73
90	70
79	36
55	55
83	76
39	77
95	48
18	17
31	21
63	20
69	33
85	32
8	32
83	75
50	39
95	14
70	31
56	50
70	8
65	56
60	41
86	14
73	5
94	36
81	68
51	21
37	41
93	6
42	68
18	22
78	42
28	17
3	98
95	50
15	78
52	8
89	14
40	4
83	56
89	10
40	60
31	4
13	89
3	33
45	7
27	59
23	17
70	44
51	37
16	72
19	69
75	44
82	78
83	30
54	43
49	25
70	82
94	49
29	69
83	4
69	9
27	56
2	30
12	48
19	52
50	36
37	11
41	42
40	33
65	11
67	41
59	12
0	46
69	37
46	88
95	34
37	52
66	91
73	59
58	46
76	11
67	5
0	31
23	97
38	30
91	4
86	50
71	64
50	16
85	80
73	55
3	93
57	54
79	99
25	26
18	29
89	4
37	55
65	74
6	0
87	40
34	32
66	84
41	96
77	45
40	94
80	73
8	39
88	38
69	54
26	16
80	58
86	58
42	75
35	78
12	10
80	63
52	55
53	10
58	14
40	93
95	4
20	99
4	72
6	60
39	6
38	36
89	92
74	76
43	55
15	69
38	59
90	35
4	67
77	48
96	94
31	28
35	31
16	7
56	85
22	39
94	83
73	99
49	53
16	17
83	48
96	3
31	96
67	51
48	73
7	25
13	3
88	87
79	57
21	19
92	47
97	78
15	82
1	99
37	46
30	71
56	52
13	58
38	34
46	40
66	43
39	99
93	10
79	69
74	82
2	64
1	89
94	72
51	24
54	65
60	16
72	82
83	31
29	71
25	58
37	6
96	71
96	23
6	30
12	86
6	65
22	8
88	53
90	77
89	91
15	24
56	82
17	47
87	65
53	70
87	60
89	5
61	88
5	81
42	50
57	26
43	52
32	10
20	78
14	28
69	92
56	2
76	80
88	27
92	23
35	85
13	1
44	73
78	30
86	22
90	29
56	93
55	92
49	28
3	54
83	1
47	70
99	3
11	44
66	4
95	88
16	9
68	17
35	27
2	84
31	6
19	59
22	30
4	23
23	72
12	59
29	60
54	38
16	11
33	95
30	13
77	87
52	45
60	86
87	72
89	39
72	33
52	56
68	69
56	86
66	38
32	4
80	15
43	56
37	9
93	3
96	61
87	3
28	70
69	99
90	52
10	80
71	49
85	75
30	48
50	85
25	27
25	71
48	60
60	28
58	35
74	30
52	12
12	14
7	64
82	86
94	54
67	85
63	95
68	6
78	16
42	37
55	49
56	70
21	29
87	48
57	68
89	51
48	88
84	5
42	56
15	42
23	9
67	38
61	98
80	76
92	8
60	19
67	16
56	74
44	89
61	63
16	81
54	67
50	77
8	56
17	15
51	27
58	37
13	77
44	98
52	42
14	79
2	40
81	10
70	47
47	11
14	36
27	73
3	72
78	39
86	10
33	43
1	34
11	75
8	49
54	41
72	75
47	38
64	59
0	20
93	33
62	9
58	62
59	96
31	89
6	9
17	81
8	31
87	42
98	22
92	9
15	57
94	25
22	57
31	76
79	33
90	89
28	39
97	48
65	89
84	95
68	12
16	71
91	35
32	29
36	19
96	27
1	67
29	31
90	84
11	56
84	78
70	65
76	14
95	47
83	60
17	69
62	33
11	68
92	83
81	4
4	5
63	34
13	72
41	84
95	37
46	79
2	17
64	27
69	71
43	21
13	70
31	94
99	87
89	45
27	21
34	50
87	13
90	14
63	93
99	73
96	47
96	53
42	88
32	46
21	91
34	60
50	19
65	2
99	53
40	1
93	40
78	66
79	43
6	95
62	85
62	35
21	49
46	24
18	90
53	9
46	49
53	1
60	84
43	90
21	23
29	61
83	45
39	95
57	1
21	15
74	16
26	87
36	47
3	42
47	16
53	45
24	68
10	24
34	70
21	82
72	12
3	51
50	61
66	42
18	24
91	51
83	89
86	45
99	91
53	78
74	35
94	27
89	59
86	33
69	23
19	34
22	43
44	94
33	60
77	47
28	83
20	5
32	67
99	5
51	14
78	44
20	76
26	40
43	61
5	56
37	34
79	31
73	65
3	69
96	84
7	48
26	65
21	17
3	20
41	55
36	76
15	95
41	53
64	72
92	19
39	12
99	85
54	55
32	40
18	89
63	44
69	32
94	17
99	14
26	66
78	98
29	22
30	5
76	57
90	65
33	57
17	66
92	68
17	48
27	76
43	99
92	52
30	99
99	84
72	30
76	4
22	62
70	48
21	70
19	49
15	45
42	77
97	24
83	81
55	70
29	14
50	52
12	15
19	74
10	59
51	34
48	58
2	98
75	73
40	44
23	70
27	5
34	30
63	18
58	38
62	53
74	39
68	71
38	69
10	85
41	26
10	71
47	85
56	78
90	8
44	52
28	77
26	56
68	89
9	42
58	13
9	71
4	93
67	20
54	2
29	88
5	52
44	56
86	63
78	96
98	72
54	48
55	29
58	31
75	85
58	68
25	29
9	56
21	2
76	32
1	93
43	33
13	7
3	44
41	89
17	32
83	72
48	5
91	43
77	78
91	76
76	23
80	43
87	97
93	60
10	40
58	45
66	89
58	32
20	12
27	6
26	78
8	90
57	94
28	26
19	15
82	22
31	39
99	0
61	11
44	59
36	26
40	0
80	92
39	76
90	7
49	65
22	36
79	23
4	12
19	23
15	32
39	82
31	16
57	79
79	8
36	13
58	64
48	6
29	84
6	45
28	7
35	20
35	2
32	63
36	98
36	36
70	97
10	60
7	29
79	26
12	77
52	62
85	46
76	63
31	12
47	42
98	58
27	37
12	71
29	55
80	83
27	14
36	16
12	53
63	70
10	34
10	29
95	72
35	57
13	48
13	87
21	68
26	10
24	54
95	5
84	53
96	91
67	19
43	79
66	48
71	9
37	7
45	59
3	25
61	85
92	93
96	52
49	98
18	85
80	34
70	28
31	3
48	45
15	52
31	23
22	22
16	44
32	35
26	62
97	57
37	92
96	82
0	95
58	17
99	90
18	35
76	27
86	66
0	35
64	70
54	27
55	80
66	25
95	64
27	58
22	59
54	54
14	16
78	7
65	64
72	53
75	27
45	20
28	75
10	93
96	12
58	22
50	67
74	93
8	15
19	44
21	26
27	67
75	48
81	72
0	36
53	0
11	76
49	7
21	75
32	61
79	60
76	76
83	21
60	54
58	50
76	42
10	31
24	69
15	25
61	50
46	20
59	11
18	30
24	36
75	33
15	61
53	48
50	64
24	47
15	40
39	72
97	49
43	20
75	58
5	5
89	64
84	6
64	16
69	16
71	62
33	37
94	77
88	69
81	62
47	56
51	10
35	25
78	26
17	50
80	24
3	16
38	41
28	28
41	52
4	76
64	64
55	60
86	62
81	48
55	14
22	17
88	84
86	40
70	66
45	15
92	86
98	74
76	8
28	72
86	92
73	87
24	1
77	40
82	13
13	59
34	98
20	93
6	40
23	43
18	64
28	45
54	61
2	9
0	79
80	96
81	83
45	93
78	23
55	98
26	53
36	68
20	7
83	61
71	5
96	67
33	74
3	84
85	35
6	70
48	86
42	61
84	42
79	10
73	48
18	21
51	29
32	85
32	16
74	4
76	36
12	28
6	89
26	77
52	95
85	98
76	12
51	72
46	37
69	0
36	9
2	52
55	41
56	46
81	61
87	55
42	14
68	95
25	54
82	0
96	1
27	87
30	12
92	1
5	77
94	50
87	16
92	66
98	98
81	97
74	27
81	69
27	53
73	82
84	39
80	77
80	33
45	53
76	13
72	98
65	25
80	41
26	32
88	31
33	30
98	90
82	20
2	3
1	38
77	42
95	97
58	65
0	24
36	71
15	17
42	39
68	44
24	3
63	37
21	5
28	99
97	42
33	31
49	29
59	68
71	4
35	52
56	71
96	32
28	20
83	18
13	17
57	7
1	21
35	60
30	40
56	92
96	70
35	75
50	45
29	91
23	58
80	85
55	1
86	84
78	1
50	93
93	28
79	77
82	17
36	57
21	71
8	55
86	39
82	7
76	74
52	68
22	37
67	45
4	2
55	82
22	78
77	68
71	17
35	83
23	11
77	72
9	0
60	79
99	81
42	36
6	63
69	26
24	49
12	99
48	69
62	65
38	63
83	7
38	97
67	39
15	96
14	22
85	10
91	55
21	45
76	91
26	55
90	64
75	18
19	1
74	74
64	19
83	91
46	92
39	63
71	36
92	12
8	17
6	18
2	11
82	81
12	30
98	45
7	85
97	13
19	46
37	96
2	19
17	67
54	60
95	53
1	98
47	3
66	6
27	17
90	57
54	70
82	4
99	71
9	6
55	43
2	46
23	95
97	28
59	61
72	32
52	98
90	47
83	62
68	59
21	78
77	29
42	97
20	77
84	31
50	91
75	52
62	88
83	66
19	11
66	86
49	93
73	93
30	75
74	20
81	8
60	40
91	6
16	46
16	83
14	46
61	67
11	24
83	27
22	68
95	79
35	97
48	94
28	8
10	25
95	23
63	90
16	96
8	91
78	79
57	96
79	13
22	41
54	71
59	83
78	48
43	97
48	43
78	67
16	63
83	52
74	47
92	74
88	15
59	25
63	65
2	34
47	17
73	45
34	62
99	31
89	31
46	27
20	17
97	40
50	1
93	76
33	26
19	51
40	13
48	3
43	31
98	4
37	58
19	6
59	31
29	70
24	52
27	7
94	13
71	81
43	94
67	14
65	73
70	85
14	73
3	55
87	12
59	43
71	54
96	42
50	40
30	0
51	61
62	81
43	82
31	86
32	34
81	22
90	69
56	59
91	87
28	41
43	71
59	6
26	73
22	16
99	95
46	75
70	73
60	85
90	96
18	70
49	12
12	7
63	78
70	76
3	73
31	66
57	8
92	43
23	16
54	76
75	98
72	85
18	31
84	43
92	98
19	38
56	49
79	78
45	74
96	98
70	30
11	93
19	50
91	21
43	78
73	10
64	78
70	3
97	11
13	29
79	85
44	26
93	9
97	61
54	19
95	11
66	46
30	92
68	88
82	25
88	32
59	52
72	68
9	62
48	51
94	66
79	9
60	69
21	42
72	61
55	2
99	10
95	57
93	96
0	26
94	78
36	51
41	4
85	52
29	68
59	42
93	71
70	33
53	49
72	95
59	26
98	55
2	21
3	66
82	46
12	96
32	43
74	10
93	86
32	77
2	23
34	81
96	69
89	65
26	74
80	62
51	44
6	92
2	25
82	55
78	62
23	75
39	36
81	96
32	27
30	41
17	39
98	1
82	33
25	78
44	36
69	57
54	52
85	68
53	13
55	83
15	7
6	8
5	83
54	92
88	42
48	9
57	83
74	48
14	44
20	27
29	87
83	28
22	1
99	80
90	54
89	7
85	44
1	69
85	41
68	66
75	92
29	66
53	3
30	95
42	10
17	11
9	55
99	40
36	49
52	72
57	17
16	69
7	87
57	62
50	94
34	24
85	96
79	40
31	26
20	87
98	81
31	48
93	2
78	99
9	95
60	80
39	37
78	95
81	13
88	90
55	97
31	17
54	85
49	75
58	48
37	72
79	32
59	44
20	81
65	65
78	2
20	49
56	6
96	35
2	91
32	64
14	70
35	64
67	56
15	37
25	43
89	0
17	13
38	3
84	71
33	66
71	96
43	44
48	90
19	54
57	18
81	99
44	8
89	85
73	27
97	88
85	62
13	62
69	19
3	18
45	72
21	84
85	72
90	24
58	63
12	89
22	4
48	8
98	37
4	84
77	77
11	43
60	96
8	2
97	87
46	1
97	31
32	54
21	98
35	73
54	79
71	21
71	1
18	55
3	28
35	81
80	66
6	38
13	69
30	51
88	48
33	13
25	77
28	48
73	22
90	59
39	91
48	66
43	1
36	48
2	4
7	5
85	12
96	20
82	48
56	28
74	49
87	29
55	96
47	47
87	37
63	77
62	47
23	60
79	5
84	62
88	85
16	3
90	43
40	52
32	48
95	77
86	47
12	79
91	16
38	96
81	77
28	59
51	94
41	88
22	82
95	75
42	48
58	16
32	83
85	79
8	61
11	65
38	57
50	34
86	94
48	91
82	69
72	88
78	25
49	52
16	20
86	91
64	25
13	16
6	48
63	79
59	66
94	6
75	47
79	51
98	91
44	79
59	29
76	35
75	50
61	99
16	84
76	49
3	90
6	23
97	79
9	51
42	45
43	12
65	7
35	82
5	35
2	71
79	52
25	52
32	17
12	52
69	43
2	38
1	56
58	54
6	11
56	97
12	65
96	24
34	1
8	42
46	15
25	62
36	87
4	73
10	84
5	80
95	96
15	43
68	22
69	35
74	3
40	66
89	49
66	90
29	47
2	8
77	26
0	25
98	57
24	34
42	49
37	12
5	54
8	7
72	56
30	65
27	12
59	76
72	48
5	21
91	40
41	81
14	53
79	3
0	2
36	35
60	0
93	74
19	20
99	96
99	83
17	85
74	21
0	80
75	84
3	27
66	5
62	78
39	35
53	76
9	63
47	55
1	43
94	82
80	80
71	75
23	6
54	91
79	92
11	89
24	30
55	86
50	68
13	25
32	26
21	94
98	80
4	8
49	48
71	52
74	96
56	56
9	31
59	19
46	38
88	5
70	68
37	19
73	18
87	58
40	79
7	22
18	83
72	4
18	43
52	63
65	44
57	92
30	4
65	17
65	58
67	78
18	66
91	52
76	6
42	3
94	75
77	7
63	46
62	7
73	23
8	28
72	45
0	89
4	97
21	38
25	79
18	71
38	48
69	79
99	25
25	13
28	37
96	87
8	37
40	27
82	62
74	19
20	84
46	91
88	70
46	68
77	12
70	24
89	83
94	24
54	53
73	12
6	25
60	60
12	68
49	54
65	78
48	80
20	10
8	77
62	94
39	55
26	37
98	6
88	68
43	72
3	14
52	1
25	18
6	76
41	56
33	56
63	61
33	89
35	71
7	59
30	97
4	34
6	21
67	44
36	2
28	89
86	67
44	82
27	82
32	50
32	14
16	40
26	11
72	91
81	40
14	54
37	79
20	19
49	63
9	20
8	41
20	47
19	87
78	37
30	35
21	35
60	99
14	31
94	7
54	93
12	12
71	50
16	24
97	17
83	69
41	28
72	6
28	98
82	40
2	32
52	0
82	72
49	35
66	3
22	40
84	63
77	82
24	5
15	6
29	62
32	78
99	78
13	71
86	21
53	24
39	45
75	14
65	70
54	20
85	83
3	82
13	28
25	42
8	64
6	84
93	78
51	74
3	12
3	48
44	69
9	14
39	11
58	77
54	59
18	41
97	50
11	96
9	48
58	80
12	76
96	60
41	2
85	61
52	43
44	48
21	53
47	81
35	9
76	53
40	54
51	68
5	1
98	50
81	93
82	65
4	33
62	83
51	45
38	6
48	4
36	73
60	61
63	72
89	58
21	93
8	92
87	44
80	48
69	40
47	7
9	12
75	79
71	68
16	75
71	69
82	31
71	39
45	91
86	83
25	34
43	88
5	18
63	74
7	49
59	40
26	70
48	37
97	14
99	45
17	58
90	66
82	97
99	98
13	30
41	15
64	85
91	94
13	47
56	98
85	36
89	38
63	29
20	26
66	61
92	44
99	26
86	53
32	51
66	94
66	74
34	73
87	33
93	18
35	30
21	69
88	44
53	72
23	88
26	88
48	46
57	47
14	69
96	88
38	89
67	62
61	48
53	17
67	65
91	27
52	34
43	86
40	74
95	25
82	71
2	5
27	64
99	93
45	14
56	20
94	4
2	43
23	18
8	13
40	51
81	2
27	44
49	43
32	89
58	1
86	37
0	9
15	72
50	41
76	17
24	88
5	34
69	93
66	13
15	53
97	2
11	69
92	89
13	32
75	62
11	2
48	42
91	97
3	7
25	10
22	50
29	1
89	97
50	35
68	61
41	70
34	25
65	53
77	94
97	69
83	33
76	28
47	27
65	14
19	22
56	87
59	2
60	63
43	5
22	53
62	13
2	73
5	66
71	53
78	10
39	61
17	6
8	74
90	45
73	88
83	53
63	73
48	79
48	68
97	26
90	1
23	4
90	56
39	66
17	9
40	63
78	38
23	54
17	88
84	77
33	53
99	74
7	38
5	86
8	54
25	99
17	22
25	19
28	85
46	66
98	0
63	59
33	58
37	10
29	48
33	10
95	58
64	97
8	63
58	70
16	78
4	45
20	70
58	23
25	50
34	36
86	82
42	87
73	36
59	70
27	27
83	85
4	26
1	62
91	8
66	80
99	94
55	61
89	30
3	57
87	78
69	59
64	38
80	84
84	65
54	8
87	53
90	31
37	95
28	67
35	36
35	50
18	91
39	87
88	13
84	4
62	80
3	32
6	72
90	5
24	77
74	24
35	0
72	2
44	83
61	92
17	62
85	21
79	1
49	58
31	42
65	97
54	40
49	72
53	95
8	95
82	27
25	14
38	92
30	25
90	49
84	79
79	24
84	89
52	14
5	47
15	13
59	93
62	32
1	66
12	78
35	17
26	58
72	58
42	47
61	40
65	24
61	14
69	5
37	65
6	17
56	94
74	69
89	50
80	86
68	7
10	66
70	83
45	1
63	24
58	85
3	94
6	93
47	43
79	6
43	76
38	93
87	27
22	84
7	46
68	11
37	98
55	89
51	38
26	48
12	85
16	74
31	31
46	11
30	20
84	9
52	39
46	94
37	47
64	17
62	37
23	29
40	77
78	0
95	10
66	54
98	82
7	39
59	59
47	48
71	73
49	91
58	47
30	47
70	49
43	41
63	25
48	77
57	61
5	60
91	78
87	57
4	51
71	70
20	89
38	66
51	32
55	16
57	78
14	83
78	80
92	48
30	96
41	77
61	66
46	90
99	77
83	36
11	99
33	96
49	15
85	88
44	11
18	65
41	18
92	63
24	55
16	54
94	88
82	68
4	63
1	3
55	85
62	62
36	86
1	41
99	21
83	9
40	21
79	68
30	87
51	2
18	75
70	58
31	58
97	21
54	18
58	33
91	80
25	76
63	85
37	17
97	39
60	31
81	95
92	80
55	77
68	84
18	8
74	32
28	25
58	3
16	56
97	95
65	16
54	16
88	86
8	23
23	64
12	27
81	26
91	71
75	95
98	94
23	90
18	3
4	64
28	87
65	36
40	78
34	77
45	58
80	6
14	88
15	47
27	55
12	92
15	50
52	78
43	36
79	0
9	17
16	15
66	2
68	83
41	59
21	65
79	54
41	8
22	95
56	18
4	32
12	23
37	75
65	81
61	91
77	14
76	71
15	31
72	39
76	58
73	53
86	43
65	35
55	5
80	93
89	75
8	58
59	37
37	33
36	88
24	42
18	72
27	48
29	28
24	65
41	92
78	59
45	16
15	92
96	25
45	78
31	64
56	53
33	50
21	56
49	92
84	19
23	30
51	57
0	43
4	16
78	31
91	5
14	6
53	84
66	98
79	62
3	63
73	78
6	33
97	68
86	79
54	37
44	99
69	18
44	93
66	35
64	1
93	35
45	17
24	56
92	35
98	34
62	31
20	68
92	84
42	43
37	42
20	54
3	38
11	18
63	22
36	29
98	14
42	29
63	8
72	86
89	48
61	93
27	78
83	73
1	91
36	99
51	84
95	84
47	66
50	25
72	44
1	1
90	40
15	23
26	82
86	72
14	80
77	88
32	18
96	57
23	91
91	32
87	74
64	53
89	9
10	33
34	33
5	15
98	24
82	49
90	32
4	75
21	28
37	37
76	50
25	72
4	55
92	3
28	63
61	12
54	1
46	32
9	54
80	29
80	13
20	67
13	63
94	63
63	1
41	27
44	84
85	33
68	91
50	28
30	45
40	92
49	70
86	55
31	92
73	31
29	20
80	37
6	22
42	62
59	62
95	81
95	26
39	0
18	28
26	93
7	81
76	31
63	15
7	84
50	3
59	64
61	13
43	81
53	69
83	32
87	49
28	68
49	88
6	67
1	37
90	9
22	7
31	5
47	8
23	33
76	44
7	96
55	27
54	98
46	9
15	12
88	21
97	38
17	78
96	22
57	11
38	33
77	38
76	96
51	3
91	2
64	81
34	49
38	35
77	91
86	46
26	45
16	23
93	99
91	10
75	94
18	54
52	41
55	21
98	71
74	38
18	37
32	24
43	92
6	94
63	63
23	89
88	22
45	31
81	92
67	86
78	12
53	73
28	96
72	73
27	16
2	83
26	94
65	26
88	11
67	21
5	57
23	69
93	51
43	22
9	45
24	13
80	45
55	99
72	62
51	30
51	49
49	89
87	45
4	52
29	98
52	94
96	81
19	63
45	90
33	22
92	75
43	51
10	44
0	33
27	85
82	12
29	90
29	25
15	66
10	98
35	86
4	19
61	82
55	47
41	43
40	56
21	43
65	20
97	32
35	8
21	14
21	88
48	20
9	4
10	37
57	15
58	82
50	49
63	99
51	42
1	55
16	91
38	62
78	58
32	12
31	75
96	92
10	7
15	80
74	92
37	74
27	36
77	65
15	39
47	40
42	19
11	50
78	55
34	79
29	38
5	71
21	8
69	76
64	62
49	83
27	8
71	0
63	52
40	41
26	42
32	69
83	95
6	62
33	80
42	69
71	13
6	97
18	7
2	1
44	38
71	87
57	73
72	96
87	6
51	16
63	97
27	68
78	21
11	94
31	67
32	70
38	87
38	43
44	58
33	44
27	69
65	63
28	10
21	36
49	55
68	99
45	3
10	78
44	29
3	24
63	45
23	55
40	12
21	21
84	94
22	65
12	42
52	54
21	79
71	10
99	59
93	38
53	55
60	15
65	40
79	7
10	61
25	45
93	12
49	97
55	81
60	13
80	65
55	34
71	48
22	64
42	52
19	13
70	61
16	93
45	30
73	76
87	10
29	17
16	28
43	59
20	96
15	1
1	57
36	80
9	15
11	62
49	0
20	22
83	50
24	95
16	58
61	2
21	44
33	83
34	6
62	12
89	28
53	30
21	25
69	86
86	95
77	9
16	51
46	78
84	38
14	58
27	2
56	37
35	94
57	34
30	89
87	63
16	18
47	50
67	79
96	97
37	44
64	74
35	88
55	64
86	1
56	19
10	47
16	50
65	0
49	24
85	65
10	67
62	5
68	0
17	25
11	15
10	22
46	42
23	19
3	40
74	0
23	57
58	28
22	5
77	61
25	81
13	0
44	41
80	35
69	68
47	9
74	34
29	7
87	95
30	11
49	73
29	53
86	42
16	30
34	7
31	22
27	40
94	57
29	37
39	47
76	70
14	82
13	99
1	95
9	53
49	33
58	10
82	66
4	54
76	95
6	71
7	28
77	80
44	34
47	34
81	28
13	21
4	58
86	48
98	40
18	27
30	57
36	70
75	6
62	82
38	74
25	46
33	77
81	20
98	25
71	3
89	81
31	15
4	39
10	10
72	28
96	21
44	19
94	93
42	65
20	15
36	32
34	42
60	14
5	72
59	8
31	10
57	50
58	6
39	9
42	31
93	94
9	29
36	63
2	18
86	31
13	95
57	59
44	2
56	99
26	29
47	99
17	82
52	48
90	20
81	88
30	14
46	30
56	36
85	3
43	48
70	29
39	5
87	67
54	47
35	48
3	15
44	68
28	55
89	37
73	17
93	59
8	62
48	36
50	65
87	68
78	19
44	33
64	43
81	66
39	62
6	64
43	68
50	59
14	7
30	68
91	33
15	18
92	88
69	60
31	25
10	57
43	32
32	99
90	92
50	6
78	97
50	24
83	67
33	0
44	97
85	54
36	92
17	95
15	79
5	22
1	32
69	10
13	39
92	54
26	24
73	33
20	75
15	38
92	51
46	14
16	49
80	5
20	79
34	71
81	18
57	48
14	95
26	8
11	78
50	30
84	41
80	57
32	62
68	4
64	30
58	51
43	6
52	93
76	46
55	74
60	11
63	83
16	87
86	70
19	67
1	11
19	10
1	47
5	82
36	50
4	41
61	37
93	13
9	13
20	16
92	30
37	71
19	99
23	32
44	74
28	74
86	0
2	47
23	87
78	72
19	7
97	98
20	3
97	34
69	72
84	67
62	36
25	21
95	46
42	17
85	78
94	34
39	3
1	45
78	87
68	86
17	53
8	83
33	92
22	14
17	40
74	61
22	20
85	56
26	68
79	61
67	75
94	18
9	44
34	63
69	85
13	56
32	31
20	46
36	41
95	90
46	70
66	11
94	96
68	81
15	99
72	14
29	82
92	76
96	58
60	82
47	37
25	56
51	82
76	15
46	51
13	45
46	99
67	89
57	13
17	37
89	82
98	54
79	95
85	87
65	31
9	88
3	9
91	90
84	59
84	20
8	36
44	70
96	65
1	33
14	5
93	62
8	60
28	32
35	11
95	36
2	33
67	49
1	12
19	43
55	36
8	29
74	29
64	75
85	95
48	49
88	1
68	34
66	96
97	85
50	78
57	84
4	10
62	3
60	93
95	22
61	61
86	15
88	82
4	38
95	55
3	41
98	96
79	66
3	83
10	1
68	90
38	64
42	99
0	65
22	29
13	11
80	72
38	24
79	29
84	29
7	24
67	30
80	39
80	79
1	88
96	55
48	47
39	32
34	75
7	79
89	73
38	38
15	81
13	74
72	70
17	71
45	46
55	53
6	24
28	27
71	85
42	33
4	53
29	79
7	61
4	80
85	11
68	74
95	21
60	30
77	66
61	71
48	48
34	57
27	30
71	43
22	87
33	65
13	46
49	41
29	52
57	87
74	26
39	86
63	3
69	62
74	25
78	4
94	42
34	20
90	33
25	22
48	34
32	82
69	34
70	95
77	1
80	81
97	12
5	11
59	47
7	67
13	19
77	35
63	31
56	45
3	62
99	30
1	75
91	48
18	36
14	11
42	44
55	17
48	67
23	92
26	80
9	66
25	98
90	73
38	39
37	15
41	60
47	26
22	19
46	61
24	46
23	59
82	94
78	46
68	30
1	35
29	67
71	16
50	48
45	34
16	99
73	68
23	21
85	63
97	36
53	59
11	70
4	13
30	66
80	8
79	21
7	86
81	78
12	8
34	23
35	99
45	12
56	84
69	64
77	20
35	49
32	11
82	43
97	25
74	73
58	74
25	37
53	35
12	39
77	89
15	70
98	69
74	43
78	15
45	97
92	72
13	73
87	92
10	73
40	76
69	28
17	16
57	22
7	94
15	73
51	63
69	21
7	30
41	17
68	9
49	6
61	17
18	2
27	96
72	51
43	80
71	45
40	86
75	17
64	95
24	79
79	47
23	78
36	95
67	40
56	96
90	55
44	20
36	1
66	41
35	53
69	55
6	87
95	68
79	12
56	21
91	39
58	87
19	35
42	2
48	81
26	25
52	28
69	98
73	80
98	52
91	65
96	62
94	59
36	43
43	18
70	87
72	52
45	57
31	54
33	18
98	86
56	63
93	44
44	50
9	37
36	72
30	28
11	64
70	64
66	27
64	20
82	84
65	29
12	93
49	40
9	69
73	91
35	69
80	87
76	34
96	29
98	92
22	24
17	80
46	55
18	74
51	1
22	70
32	84
80	52
26	81
88	57
65	68
56	0
25	69
59	99
50	72
17	30
96	96
16	22
40	9
67	69
42	58
79	80
88	41
5	78
0	7
34	90
87	98
15	16
83	51
65	66
12	31
10	12
60	20
51	19
82	19
8	33
39	75
53	37
39	92
96	48
62	97
74	65
95	49
68	93
65	19
80	16
75	20
87	69
89	13
3	75
73	52
60	89
41	62
32	76
61	95
41	57
73	16
7	33
69	30
8	44
13	83
78	65
0	45
83	79
52	83
11	26
64	94
65	51
35	35
19	30
89	26
37	54
2	74
42	4
0	22
82	1
81	37
61	79
29	63
21	13
50	95
52	97
36	7
21	30
58	97
76	26
97	83
62	92
88	33
88	40
18	48
43	83
33	59
7	90
68	67
82	99
53	46
53	64
45	75
73	41
90	75
52	85
31	29
9	81
54	77
10	49
41	21
94	89
47	75
40	50
52	67
14	41
60	97
98	21
55	31
62	41

# number of balls
	0

# position of balls

	#	 And that's all
