# File for MT-EL BAII-19 Project

19

# Players
16
-301.338693 46.463594 2 0
-275.754468 -259.761803 2 7
-32.613723 176.379474 2 46
-101.476290 -116.952581 2 16
-285.807274 157.699002 4 33
-39.998412 302.690320 3 8
-201.193863 200.918834 4 16
252.267151 -88.473285 2 41
-89.377952 269.236454 1 4
-105.152667 -165.255415 4 1
-102.287441 286.074228 2 16
-110.964868 -135.929737 1 3
121.039727 302.439231 4 7
-222.410945 200.887678 1 17
283.974941 -218.345118 1 4
-295.800920 -298.576108 3 7

# Obstacles
25
1 3
1 13
2 1
3 8
3 9
4 0
5 4
5 13
5 15
5 18
7 10
9 3
9 5
10 3
12 13
13 13
13 16
14 2
14 18
15 5
15 6
15 14
16 8
16 13
17 5

# Balls
7
-244.890038 177.109962 0.785398
86.041250 317.370838 2.932189
-311.402816 78.373857 1.674427
-60.151087 289.037197 -2.546138
97.440583 304.742411 3.073932
-284.864001 -277.568294 1.092223
-298.885786 65.384204 1.441873

