
# nbCell
	21

# number of players
	19

# position of players
93	-281	2	6
-377	-187	4	13
-236	-328	2	12
-283	142	4	2
-236	142	4	19
-142	-140	3	0
-95	-140	4	16
-1	189	2	7
281	48	3	10
-189	-281	4	7
-377	-328	3	2
-377	-234	4	9
-236	1	4	16
281	-328	2	9
-283	-46	1	19
-95	330	1	18
93	189	2	10
140	-46	1	11
-377	95	3	13

# number of obstacles
	25

# position of obstacles
0	16
12	5
3	10
2	10
16	4
1	3
11	2
6	1
2	5
2	14
13	11
16	14
14	14
5	13
12	4
7	4
10	15
12	14
16	15
10	7
2	1
13	4
8	2
0	14
3	7

# number of balls
	0

# position of balls

	#	 And that's all
