
# nbCell
	10

# number of players
	30

# position of players
250	0	3	6
244.537	51.9779	1	15
228.386	101.684	1	15
202.254	146.946	2	12
167.283	185.786	1	1
125	216.506	2	7
77.2542	237.764	2	19
26.1321	248.63	3	6
-26.1321	248.63	0	6
-77.2542	237.764	0	16
-125	216.506	3	8
-167.283	185.786	3	9
-202.254	146.946	2	10
-228.386	101.684	2	3
-244.537	51.9779	3	15
-250	3.06162e-14	1	2
-244.537	-51.9779	2	18
-228.386	-101.684	1	7
-202.254	-146.946	1	16
-167.283	-185.786	3	2
-125	-216.506	1	13
-77.2542	-237.764	1	19
-26.1321	-248.63	0	17
26.1321	-248.63	2	4
77.2542	-237.764	3	10
125	-216.506	1	6
167.283	-185.786	3	0
202.254	-146.946	0	13
228.386	-101.684	2	10
244.537	-51.9779	0	1

# number of obstacles
	40

# position of obstacles
0	0
0	1
0	2
0	3
0	4
0	5
0	6
0	7
0	8
0	9
1	0
1	9
2	0
2	9
3	0
3	9
4	0
4	9
5	0
5	9
6	0
6	9
7	0
7	9
8	0
8	9
9	0
9	1
9	2
9	3
9	4
9	5
9	6
9	7
9	8
9	9

4 4
4 5
5 5
5 4

# number of balls
	20

# position of balls
177.265	31.2567	-0.174533
125.039	129.481	-0.802851
25.0512	178.248	-1.43117
-84.5049	158.931	-2.05949
-161.783	78.9068	-2.68781
-177.265	-31.2567	-3.31613
-125.039	-129.481	-3.94444
-25.0512	-178.248	-4.57276
84.5049	-158.931	-5.20108
161.783	-78.9068	-5.8294
285.594	50.358	1.8326
201.451	208.609	0.785398
40.3602	287.178	4.95674
-136.147	256.055	1.51844
-260.65	127.128	0.977384
-285.594	-50.358	5.32325
-201.451	-208.609	4.99164
-40.3602	-287.178	2.25147
136.147	-256.055	3.36849
260.65	-127.128	2.3911

	#	 And that's all
