
# nbCell
	45

# number of players
	50

# position of players
105	321	2	6
52	179	4	13
-375	-372	2	12
-375	197	4	2
-304	-194	4	19
159	-248	3	0
-268	1	4	16
-250	-372	2	7
-90	-354	3	10
-161	250	4	7
-144	1	3	2
-339	144	4	9
105	-176	4	16
-268	-283	2	9
248	-194	1	19
-1	357	1	18
-37	19	2	10
-375	392	1	11
70	-390	3	13
-304	268	2	16
-126	1	1	5
354	161	2	16
-108	-123	2	9
-357	-34	4	4
88	55	3	5
354	-141	1	14
194	72	4	10
194	215	3	16
16	-354	4	4
-197	-176	4	14
354	-354	1	0
-72	392	1	19
-108	72	3	6
123	-283	3	15
123	321	4	18
-19	-301	3	17
354	215	1	12
-197	-159	1	1
70	250	2	1
-144	-141	4	4
319	-52	4	9
-1	286	4	17
-19	250	2	15
-1	55	1	7
176	-176	3	13
-304	339	4	6
-144	-212	1	4
-19	-230	2	12
-339	-319	3	19
-72	-52	4	8

# number of obstacles
	50

# position of obstacles
20	40
43	39
32	6
3	38
16	23
3	10
33	11
36	6
37	31
3	20
10	29
31	43
16	44
9	23
42	1
26	5
12	28
23	40
27	44
13	4
5	24
29	34
14	32
29	26
8	33
9	36
28	17
40	40
35	9
1	16
23	22
22	11
11	17
10	28
39	2
13	39
14	16
30	8
6	25
28	44
40	37
4	30
0	43
12	38
27	3
29	6
36	33
21	9
42	11
8	19

# number of balls
	0

# position of balls

	#	 And that's all
